457 4
3.05176e-05 -0.499969 | 0.0547976 
0.500031 -0.499969 | 0.0352979 
1.00003 -0.999969 | 0.0402979 
1.81375 -0.849335 | 0.0209896 
1.56461 -0.586273 | 0.013445 
1.9025 -0.428497 | 0.00490512 
1.91757 -0.20224 | -0.00203957 9.85056 
1.62564 -0.0621033 | -0.00327207 9.01713 
1.60733 -0.013031 | -0.00427298 8.92882 
1.37021 -0.218842 | 0.00451665 
1.21335 -0.46756 | 0.0150424 
1.00003 3.05176e-05 | 0.00629854 
1.13205 0.116241 | 0.000650507 
1.03329 0.198334 | 0.00114537 
1.03476 0.372894 | -0.00208111 3.18231 
1.09921 0.445709 | -0.00469313 3.86851 
1.14725 0.266693 | -0.0027065 4.77228 
1.39664 0.0665588 | -0.00319919 7.46082 
1.90457 0.195831 | -0.0115437 9.84089 
1.53342 0.294464 | -0.00985672 8.27142 
1.95535 0.704071 | -0.019442 8.74687 
1.56851 0.799408 | -0.0169075 7.10944 
1.32285 0.580719 | -0.0109709 5.97262 
1.13309 0.793243 | -0.00946246 3.2079 
1.09439 0.967133 | -0.00973401 1.9663 
0.993317 0.800446 | -0.00634272 1.36064 
0.914642 0.805328 | -0.0044209 0.198051 
0.896271 0.756134 | -0.00353273 0.110804 
0.900665 0.79306 | -0.00396129 0.0350216 
0.882965 0.831635 | -0.00379726 -0.394089 -178.092 -1.38202 
0.921906 0.834137 | -0.00482619 0.189096 
0.931427 0.861298 | -0.00526003 0.215914 
0.891632 0.872284 | -0.00430776 -0.433305 -179.338 -1.45277 
0.884552 0.847565 | -0.00395386 -0.436361 -177.496 -1.41904 
0.847748 0.843903 | -0.00294609 -1.00046 -152.072 -1.42781 
0.863129 0.795013 | -0.00298761 -0.555647 -168.384 -1.31277 
0.805389 0.774139 | -0.00123704 -1.40861 -123.767 -1.35551 
0.793671 0.81369 | -0.00123002 -1.761 -109.301 -1.35698 
0.765411 0.936676 | -0.00122616 -2.77819 -70.8618 -0.734153 
0.869293 0.893646 | -0.00385367 -0.874966 -162.849 -1.42994 
0.789398 0.967865 | -0.00206316 -2.51938 -89.9932 -0.714892 
0.714203 0.960663 | 0.000148754 
0.716156 0.886017 | 0.000503784 
0.536041 0.943085 | 0.00584764 
0.524933 0.662872 | 0.00844356 
0.724152 0.57901 | 0.00313757 
0.802155 0.612946 | 0.000486048 
0.765778 0.710785 | 0.000463253 
0.767853 0.742584 | 0.000102748 
0.802765 0.745148 | -0.000908434 -1.34208 -124.334 -1.28972 
0.835114 0.71402 | -0.00150908 -0.697897 -155.068 -1.05205 
0.855377 0.682037 | -0.00173704 -0.26128 -174.033 -0.781083 
0.876678 0.735748 | -0.0028329 -0.11617 -183.621 -0.971882 
0.910126 0.714386 | -0.00350403 0.475341 
0.951996 0.743744 | -0.00484316 0.989941 
0.94339 0.666901 | -0.00386736 1.13516 
0.973969 0.561554 | -0.00339233 1.90094 
0.892975 0.499481 | -0.000509587 0.865847 
0.794098 0.457306 | 0.00278155 
0.859833 0.382843 | 0.00213794 
0.825592 0.0654602 | 0.00926178 
0.58017 0.01297 | 0.0178289 
0.705536 0.466583 | 0.00521323 
0.448761 0.113861 | 0.0199654 
0.231293 0.369537 | 0.0231548 
3.05176e-05 1.00003 | 0.0262985 
0.391632 1.43729 | 0.010765 
0.374054 1.1586 | 0.0108579 
0.550323 1.21201 | 0.00471577 
0.683746 1.11844 | 0.000556774 
0.657501 1.01151 | 0.00164833 
0.735504 1.04416 | -0.000809655 -3.82949 -31.9691 -0.186547 
0.803375 1.04526 | -0.00275494 -2.67523 -94.8664 -0.422071 
0.884064 1.0162 | -0.00484531 -1.22969 -160.327 -1.02414 
0.955719 1.05002 | -0.0067927 -0.329421 -189.236 -1.24784 
0.928986 1.07498 | -0.00618893 -0.854741 -177.826 -0.964159 
0.960968 1.23367 | -0.00713666 -1.30201 -172.15 -0.331683 
0.861053 1.36215 | -0.00430929 -3.64697 -110.18 -0.00891883 
0.963531 1.41061 | -0.00676787 -2.43477 -155.023 -0.0261252 
0.8508 1.39664 | -0.00390992 -4.04775 -99.1328 -0.00343686 
0.783051 1.44028 | -0.00184521 -5.47048 -36.9246 -0.000252263 
0.685333 1.48972 | 0.0012815 
0.614471 1.37308 | 0.00293857 
0.540924 1.46768 | 0.00574187 
0.685638 1.61148 | 0.00212607 
0.658295 1.50748 | 0.00221397 
0.7966 1.52353 | -0.00175798 -5.85959 -40.9674 -8.5983e-05 
0.853241 1.52591 | -0.00330023 -4.95333 -88.0494 -0.000165499 
0.989594 1.74026 | -0.0049303 -4.66104 -125.654 -1.66067e-05 
0.805389 1.68277 | -0.000719946 -6.98966 -32.9035 -0.000116063 
0.790497 1.74564 | 0.000344178 
0.771332 1.86356 | 0.00231399 
0.869476 1.7919 | -0.0012936 -6.90285 -73.1496 -3.56197e-05 
0.932709 1.77615 | -0.0031202 -5.79729 -109.185 -3.21404e-06 
0.894806 1.89462 | -0.000639675 -7.45631 -78.9634 -1.90921e-05 
0.964691 1.91861 | -0.00207612 -6.64616 -104.468 -2.65644e-07 
0.903717 1.96432 | 0.000145421 
0.769501 1.92722 | 0.00325171 
0.696808 1.76297 | 0.00326522 
0.40976 1.88199 | 0.0142007 
0.488068 1.71939 | 0.00950479 
3.05176e-05 2.00003 | 0.0322991 
0.500031 2.50003 | 0.0232998 
0.874664 2.86374 | 0.0227454 
0.999969 2.49997 | 0.00879994 
0.755646 2.4971 | 0.0151863 
0.749969 2.24997 | 0.00955024 
0.750031 2.00003 | 0.0049246 
0.875031 2.12503 | 0.00361226 
0.999969 2.12497 | 0.000456418 
0.937469 2.06247 | 0.000878369 
1.00003 2.00003 | -0.00170024 -6.94433 -99.9969 -2.40784e-09 
1.12503 2.12503 | -0.00238759 -6.60586 -43.5303 -3.64318e-05 
1.18753 2.18753 | -0.00249689 -6.5473 11.3916 
1.24997 2.12497 | -0.00491873 -5.19531 62.4821 
1.25003 2.00003 | -0.00707509 -3.90624 50.0457 
1.37808 2.10983 | -0.00746656 -3.81447 169.091 
1.25003 2.25003 | -0.00244994 -6.56253 75.0457 
1.37503 2.37503 | -0.00188729 -6.81433 193.597 
1.37497 2.49997 | 0.00120596 
1.24997 2.49997 | 0.00342479 
1.00003 2.50003 | 0.00880006 
1.25003 2.75003 | 0.0105504 
1.49997 2.74997 | 0.00642448 
1.37497 2.62497 | 0.00461213 
1.37503 2.50003 | 0.00120654 
1.50003 2.50003 | -0.000699634 -7.36128 250.003 
1.62503 2.50003 | -0.00229331 -6.60179 206.046 
1.62503 2.62503 | 0.00111302 
1.50003 2.75003 | 0.00642552 
1.75003 2.75003 | 0.00355067 
1.88553 2.88535 | 0.00689282 
1.99997 2.74997 | 0.00192418 
1.87497 2.74997 | 0.0025805 
1.81247 2.68747 | 0.00112745 
1.81253 2.62503 | -0.000691554 -7.47102 55.0756 
1.87497 2.62497 | -0.00113817 -7.33472 6.45373 
1.81247 2.56247 | -0.00243497 -6.65984 48.8726 
1.87503 2.50003 | -0.00454315 -5.73384 -6.08084 -0.00851731 
1.99997 2.49997 | -0.00520067 -5.62462 -50.003 -0.0157959 
1.87497 2.37497 | -0.00763802 -4.20976 -18.5463 -0.0288477 
1.81247 2.31247 | -0.00862232 -3.61301 23.8726 
1.75003 2.37503 | -0.00666831 -4.53585 87.4743 
1.74997 2.49997 | -0.00357552 -6.05875 100.026 
1.62015 2.37039 | -0.00543954 -5.04889 196.287 
1.74997 2.24997 | -0.00945037 -3.09004 75.0257 
1.62131 2.10953 | -0.0108787 -2.12116 169.448 
1.75003 2.00003 | -0.0140748 -0.434227 49.9743 
1.75003 2.12503 | -0.0119185 -1.72331 62.4743 
1.81253 2.18753 | -0.0112465 -2.20729 11.3256 
1.87503 2.12503 | -0.0128871 -1.39784 -43.5808 -0.204445 
1.99997 2.12497 | -0.0135442 -1.28874 -87.503 -0.35776 
1.93747 2.06247 | -0.0143722 -0.661604 -82.322 -0.382443 
1.93753 2.00003 | -0.0154106 -0.0274054 -88.5879 -0.456334 
1.99997 1.99997 | -0.0157004 0.000305167 
1.79587 1.95877 | -0.0151094 0.118669 
1.90878 1.78165 | -0.0182688 2.00656 
1.754 1.58768 | -0.0190079 3.27795 
1.61795 1.51035 | -0.018149 3.28352 
1.74442 1.84433 | -0.0162728 1.04248 
1.60355 1.88144 | -0.0142988 0.0589686 
1.45468 1.97128 | -0.0109962 -1.77998 191.091 
1.48172 1.8721 | -0.0128235 -0.62728 186.223 
1.28439 1.83591 | -0.0100729 -1.98259 65.7666 
1.20688 1.91891 | -0.00746872 -3.57393 1.76053 
1.17996 1.96902 | -0.00618124 -4.36252 -16.9824 -0.000181555 
1.01962 1.98874 | -0.002346 -6.56229 -99.9849 -3.34077e-08 
1.06577 1.83255 | -0.00563392 -4.45667 -104.112 -1.26048e-05 
1.21518 1.77127 | -0.00953778 -2.12088 -5.41483 -0.00286881 
1.004 1.6821 | -0.0058716 -3.96267 -131.742 -0.000135583 
1.15414 1.58932 | -0.0100461 -1.28344 -76.0322 -0.0309942 
1.2048 1.54434 | -0.0114101 -0.353714 -37.5778 -0.134322 
1.34177 1.56058 | -0.0138342 0.902665 
1.32297 1.59573 | -0.0132421 0.45094 
1.25949 1.63931 | -0.0117245 -0.526377 22.8846 
1.31851 1.74551 | -0.0117539 -0.842227 87.1574 
1.42862 1.6785 | -0.0142601 0.689424 
1.47903 1.69223 | -0.0148792 0.956134 
1.47873 1.53482 | -0.0161766 2.22385 
1.37106 1.32693 | -0.0154675 2.85116 
1.20688 1.41891 | -0.0121579 0.598359 
1.11002 1.49979 | -0.00972063 -1.1239 -115.577 -0.0675921 
1.02859 1.43497 | -0.00822601 -1.7008 -154.085 -0.0528549 
1.0126 1.25925 | -0.0083658 -0.734752 -173.604 -0.437484 
1.12143 1.2778 | -0.0108063 0.557737 
1.14188 1.29312 | -0.011217 0.705868 
1.24039 1.29062 | -0.0132093 1.82873 
1.18582 1.22696 | -0.0122072 1.63305 
1.13956 1.05838 | -0.011054 2.05817 
1.34433 1.24442 | -0.0151586 3.14314 
1.62967 1.11893 | -0.0191815 5.91761 
1.64896 1.48013 | -0.0186788 3.66724 
1.99338 1.37637 | -0.021762 5.26369 
2.00003 1.00003 | -0.0217002 7.49985 
2.31644 1.30716 | -0.0222496 5.03297 
2.56186 1.06778 | -0.0210158 4.95736 
2.90317 1.03653 | -0.0172883 1.64935 
2.90756 1.19577 | -0.0174934 0.705408 
2.82803 1.3428 | -0.0183518 0.730809 
2.87283 1.25186 | -0.0179461 0.791566 
2.96866 1.30118 | -0.0164893 -0.748627 -166.977 -0.0221394 
2.98898 1.40195 | -0.0158672 -1.70591 -159.444 -0.069108 
2.84622 1.43399 | -0.0177765 -0.11368 -91.8384 -0.0888717 
2.77988 1.43332 | -0.0185931 0.640326 
2.6926 1.46158 | -0.0193893 1.32829 
2.58279 1.36368 | -0.0207668 2.99228 
2.50003 1.50003 | -0.0206996 2.63845 
2.67184 1.6445 | -0.0182978 0.104495 
2.69302 1.74686 | -0.0170788 -0.964061 77.2695 
2.74106 1.60495 | -0.0179327 -0.253324 18.9454 
2.66251 1.59396 | -0.0188088 0.600184 
2.67545 1.53787 | -0.0190979 0.919131 
2.75003 1.50003 | -0.0185745 0.468203 
2.81253 1.56253 | -0.0174338 -0.688517 -51.1487 -0.230011 
2.87503 1.50003 | -0.0170432 -0.94244 -106.061 -0.154823 
2.87503 1.62503 | -0.0161368 -1.91902 -93.5612 -0.3454 
2.87497 1.74997 | -0.0149195 -2.97245 -81.0266 -0.607811 
2.81247 1.68747 | -0.0163725 -1.70296 -38.6017 -0.453566 
2.75003 1.68753 | -0.0170978 -1.02597 18.7521 
2.75003 1.75003 | -0.0164493 -1.56308 25.0021 
2.75571 1.79648 | -0.015854 -2.03426 24.2984 
2.79147 1.8342 | -0.0149795 -2.76091 -5.1991 -0.745584 
2.84299 1.76144 | -0.0152135 -2.69162 -56.567 -0.62225 
2.91843 1.83298 | -0.013332 -4.2572 -97.4115 -0.798071 
2.99655 1.88077 | -0.0115206 -5.73985 -111.887 -0.896139 
2.9249 1.97061 | -0.0113068 -5.64878 -86.5305 -0.982174 
2.86502 1.93423 | -0.0126865 -4.54942 -55.7647 -0.932821 
2.81497 1.93033 | -0.0133843 -3.92777 -16.4879 -0.900783 
2.78915 1.89188 | -0.014242 -3.27274 2.68492 
2.77536 1.93423 | -0.0137986 -3.52804 19.6513 
2.63315 1.82571 | -0.0167086 -1.11695 133.089 
2.49997 1.99997 | -0.0152007 -1.73559 199.997 
2.37497 1.99997 | -0.0157943 -0.976098 156.03 
2.37497 1.87497 | -0.017638 0.23482 
2.36972 1.75302 | -0.0191536 1.36803 
2.49997 1.74997 | -0.0185755 0.608118 
2.4039 1.59671 | -0.0205105 2.49341 
2.24997 1.74997 | -0.0194504 1.9101 
2.13077 1.61765 | -0.0207078 3.33931 
2.00003 1.75003 | -0.0190748 2.34348 
2.12503 1.87503 | -0.0178871 1.10209 
2.18753 1.93753 | -0.0170589 0.370719 
2.18747 1.99997 | -0.0160989 -0.243756 -7.44337 -0.378308 
2.12497 1.99997 | -0.0160442 -0.108149 -56.0968 -0.392951 
2.00003 2.00003 | -0.0156996 -0.000305185 -99.9969 -0.458313 
2.02579 2.20633 | -0.0120695 -2.17434 -77.4037 -0.264338 
2.08432 2.13791 | -0.0135694 -1.47601 -65.6501 -0.400525 
2.12503 2.18753 | -0.0126916 -2.07178 -37.3 -0.368224 
2.20041 2.22818 | -0.0119285 -2.69088 26.8202 
2.41269 2.05161 | -0.0147953 -1.70543 183.14 
2.45633 2.40079 | -0.00742405 -5.85554 234.462 
2.21231 2.42661 | -0.00745288 -5.03406 57.4579 
2.18747 2.31247 | -0.0101225 -3.61285 23.8066 
2.16568 2.32541 | -0.00982277 -3.70944 6.72699 
2.07339 2.33731 | -0.00940495 -3.69496 -50.6039 -0.131784 
2.10318 2.42459 | -0.00741003 -4.77054 -27.1137 -0.068476 
2.09921 2.58133 | -0.00331771 -6.72651 -13.66 -0.00938587 
2.23911 2.52481 | -0.00493347 -6.3337 92.2074 
2.12503 2.62503 | -0.00213668 -7.33552 6.45 
2.22818 2.63791 | -0.00181624 -7.75798 93.2772 
2.23911 2.72519 | 0.000777313 
2.09921 2.66867 | -0.000828484 -7.87286 -4.92584 -0.00235683 
2.04068 2.73709 | 0.00138032 
2.10318 2.82541 | 0.00401328 
2.34097 2.96896 | 0.00899106 
2.44046 2.7037 | 0.000689493 
2.3959 2.70651 | 0.000579584 
2.25522 2.69144 | -0.000225673 -8.56192 124.047 
2.26968 2.5134 | -0.00520132 -6.29798 119.83 
2.71304 2.52341 | -0.00235381 -9.44973 136.886 
2.64047 2.60532 | -0.000810705 -9.81783 205.821 
2.7457 2.71286 | 0.00336531 
2.55508 2.73666 | 0.0023742 
2.63577 2.97861 | 0.0110334 
2.80161 2.91269 | 0.0104523 
2.99997 2.74997 | 0.00792357 
2.77182 2.70041 | 0.00328205 
2.83731 2.57339 | 0.000423783 
2.81247 2.56247 | -0.00018558 -10.9997 48.8983 
2.83731 2.55161 | -0.000169983 -11.1454 26.9636 
2.89816 2.55429 | 0.000715348 
2.95712 2.58469 | 0.00240591 
2.96585 2.53537 | 0.0011974 
2.96536 2.47482 | -0.000390465 -11.7836 -48.9721 -0.113162 
2.93704 2.27963 | -0.00541162 -9.08937 -60.4403 -0.495184 
2.87027 2.27353 | -0.00648274 -8.18185 -25.4917 -0.498441 
2.75235 2.28702 | -0.00763302 -7.00689 76.515 
2.76041 2.40952 | -0.00473017 -8.52981 81.1787 
2.67459 2.39682 | -0.00592385 -7.5221 158.147 
2.686 2.35977 | -0.00668729 -7.18938 144.703 
2.54367 2.09921 | -0.0132331 -3.06936 204.316 
2.80161 2.16269 | -0.00961301 -6.15536 18.5076 
2.81253 2.18753 | -0.0089959 -6.54799 11.3513 
2.86209 2.22818 | -0.00754481 -7.57308 -24.2823 -0.612369 
2.82339 2.16269 | -0.00934608 -6.40125 -0.451499 -0.751854 
2.95041 2.22818 | -0.00629732 -8.68472 -69.9489 -0.632488 
2.90854 2.10745 | -0.00924503 -6.83563 -65.1432 -0.893672 
3.00003 2.00003 | -0.00969902 -6.94517 -99.9969 -1 
3.07004 2.05576 | -0.00760716 -8.51658 -80.1489 -0.965336 
3.00314 2.12027 | -0.00758064 -8.22703 -87.9445 -0.886231 
3.05746 2.19064 | -0.0053338 -9.76279 -71.2769 -0.727331 
3.12503 2.12503 | -0.00538637 -10.0789 -43.5697 -0.849858 
3.12503 2.18753 | -0.00419102 -10.7528 -37.3197 -0.716636 
3.18753 2.18753 | -0.00299567 -11.7565 11.3402 
3.24997 2.12497 | -0.00291996 -12.1389 62.4265 
3.25003 2.00003 | -0.00507387 -10.8515 49.9901 
3.37808 2.10983 | -0.000343265 -14.3168 169.052 
3.25003 2.25003 | -0.000448718 -13.5078 74.9901 
3.31253 2.31253 | 0.00225448 
3.37503 2.25003 | 0.00233261 
3.37503 2.37503 | 0.00511393 
3.24997 2.49997 | 0.00542357 
3.22781 2.3541 | 0.00138337 
3.22452 2.28134 | -0.000310637 -13.4241 54.1798 
3.17215 2.28629 | -0.00124909 -12.609 8.11254 
3.09354 2.36435 | -0.000958833 -12.2797 -38.418 -0.289366 
3.0209 2.39719 | -0.00142861 -11.6041 -58.9939 -0.229045 
3.06784 2.45322 | 0.00073699 
3.00003 2.50003 | 0.000801282 
3.22244 2.58176 | 0.0070464 
3.0936 2.65689 | 0.00671047 
3.12985 2.78445 | 0.0112512 
3.50003 2.50003 | 0.0113016 
3.94461 2.51236 | 0.0251595 
3.99997 1.99997 | 0.0162984 
3.9343 1.67007 | 0.00978751 
3.73434 1.7236 | 0.00378372 
3.72873 1.61057 | 0.00255577 
3.67868 1.53976 | 0.000519356 
3.60788 1.62405 | -0.000880532 -14.5472 129.278 
3.53659 1.76413 | -0.00145283 -14.177 172.477 
3.48923 1.94827 | -0.000279809 -14.8908 194.481 
3.35165 1.84366 | -0.00509397 -11.185 123.754 
3.21695 1.96335 | -0.00633113 -9.92133 15.3689 
3.2468 1.92606 | -0.00627062 -10.0694 39.5442 
3.20584 1.90427 | -0.00742293 -9.16316 -0.699157 -0.85298 
3.14761 1.89688 | -0.00866385 -8.14134 -50.3204 -0.880655 
3.0867 1.95535 | -0.00893205 -7.75933 -82.7721 -0.969499 
3.01993 1.90298 | -0.0108353 -6.27736 -108.532 -0.928818 
3.08932 1.81412 | -0.0108196 -6.46803 -95.597 -0.757227 
3.18314 1.78958 | -0.00935838 -7.72741 -32.2586 -0.668348 
3.19107 1.69467 | -0.0102308 -7.03151 -34.8495 -0.465037 
3.06851 1.69473 | -0.0125093 -5.10889 -116.857 -0.496901 
3.0676 1.57413 | -0.0135731 -4.10971 -129.275 -0.262498 
3.17068 1.56131 | -0.0117723 -5.6116 -65.6005 -0.230104 
3.24985 1.60294 | -0.00985463 -7.27155 10.1081 
3.30698 1.54099 | -0.00908333 -7.799 56.6172 
3.42191 1.67764 | -0.00528804 -11.0766 150.044 
3.44717 1.46872 | -0.00622347 -9.93668 138.67 
3.32993 1.32272 | -0.00958207 -6.65665 54.4354 
3.31174 1.41544 | -0.00967628 -6.95763 48.2409 
3.36148 1.49838 | -0.0081193 -8.4853 96.4887 
3.19888 1.44363 | -0.0119288 -5.19159 -53.0274 -0.0933242 
3.07352 1.3157 | -0.0147358 -2.33074 -152.726 -0.0264453 
3.2001 1.2048 | -0.0124977 -3.63061 -75.8175 -0.00439396 
3.09207 1.08023 | -0.0143986 -1.19933 -167.59 -0.000110703 
3.28104 1.03671 | -0.010547 -4.08314 -17.3044 -4.18234e-06 
3.34415 1.07822 | -0.00926097 -5.45312 41.431 
3.29092 1.14163 | -0.0105648 -4.83112 2.26819 
3.42484 1.14908 | -0.00747186 -7.39925 98.467 
3.55173 1.01077 | -0.00387026 -9.27539 93.2403 
3.62869 1.16574 | -0.00207664 -11.8185 70.1887 
3.51413 1.28659 | -0.00515565 -10.059 128.073 
3.64212 1.37595 | -0.00139332 -13.4592 81.7009 
3.69632 1.46024 | 0.000566949 
3.73557 1.35373 | 0.00131593 
3.76566 1.2764 | 0.00207114 
3.94162 1.27444 | 0.00788782 
3.99997 0.999969 | 0.010299 
3.83743 0.755646 | 0.00628637 
3.68759 0.938873 | 0.000311158 
3.64206 0.895172 | -0.000775449 -10.728 33.6683 
3.59976 0.943085 | -0.00224661 -9.99601 65.8229 
3.59854 0.851593 | -0.00172695 -9.5584 57.3447 
3.61429 0.756256 | -0.000528799 -9.52652 38.6188 
3.66043 0.834137 | 0.000167142 
3.71133 0.750519 | 0.00236165 
3.66446 0.702728 | 0.0014192 
3.56241 0.741302 | -0.0018344 -8.32605 62.7644 
3.53177 0.648834 | -0.00172608 -7.34632 61.9149 
3.51486 0.545868 | -0.00093249 -6.68109 53.9378 
3.64645 0.529266 | 0.00292112 
3.66513 0.563202 | 0.0030212 
3.99997 0.499969 | 0.0147993 
3.74997 0.249969 | 0.0105496 
3.50003 0.250031 | 0.00342521 
3.62503 0.375031 | 0.00461287 
3.62497 0.499969 | 0.00270581 
3.56247 0.437469 | 0.00187776 
3.49997 0.499969 | -0.000700366 -6.24929 49.9969 
3.37497 0.499969 | -0.00379404 -3.75368 6.01068 
3.31247 0.437469 | -0.00430959 -2.44078 -48.9172 -0.200299 
3.37497 0.374969 | -0.00188771 -3.48026 -6.48932 -0.263546 
3.31247 0.312469 | -0.00224701 -2.20643 -61.4172 -0.395103 
3.31253 0.250031 | -0.00109834 -2.11974 -67.608 -0.509718 
3.37503 0.250031 | 0.000331387 
3.49997 0.249969 | 0.00342479 
3.37497 0.124969 | 0.00286244 
3.25003 0.125031 | 8.12348e-05 
3.31253 0.187531 | 0.000128186 
3.31247 0.249969 | -0.00109854 -2.11855 -67.6672 -0.509873 
3.24997 0.249969 | -0.00245006 -1.00638 -125.074 -0.550095 
3.18747 0.249969 | -0.00372346 0.0515397 
3.18747 0.187469 | -0.00249686 0.11989 
3.18753 0.125031 | -0.00119224 0.167663 
3.24997 0.124969 | 8.12653e-05 
3.18747 0.0624695 | 0.000190717 
3.12497 0.124969 | -0.00238741 1.17237 
3.00003 0.250031 | -0.00707509 2.89884 
3.00003 0.500031 | -0.0111999 2.43006 
3.00644 0.645355 | -0.0129202 1.92463 
3.08829 0.699921 | -0.0121087 0.55049 
3.14383 0.650787 | -0.0105755 -0.144544 -177.757 -0.0381745 
3.29068 0.512848 | -0.00588239 -2.22597 -60.8328 -0.12111 
3.31705 0.613312 | -0.00658003 -2.9863 -27.3707 -0.0480383 
3.38882 0.55954 | -0.00426507 -4.17739 20.7923 
3.40317 0.675995 | -0.00527806 -4.8152 40.6565 
3.34116 0.721344 | -0.00718651 -3.79181 3.38902 
3.27066 0.647491 | -0.00798421 -2.26046 -65.8754 -0.0354396 
3.30154 0.787689 | -0.008666 -3.31514 -23.5375 -0.00454911 
3.35666 0.853119 | -0.00791814 -4.60094 28.4433 
3.4061 0.781281 | -0.00620003 -5.25593 52.7429 
3.39975 0.926727 | -0.00735923 -5.7533 63.8595 
3.31796 0.987701 | -0.00955089 -4.50156 10.8548 
3.30612 0.886017 | -0.00927909 -3.80947 -9.6347 -0.000376343 
3.23715 0.95932 | -0.0111639 -2.92952 -66.2049 -6.62016e-06 
3.10617 0.849213 | -0.013058 -0.300221 -182.946 -0.00137265 
3.03671 0.800079 | -0.0138998 0.93598 
3.02036 0.881439 | -0.0147554 0.827629 
2.99997 0.999969 | -0.0157004 0.556132 
2.84354 0.799957 | -0.0167583 3.45883 
2.86783 0.515472 | -0.0133543 4.10568 
2.70389 0.827606 | -0.0185742 4.84699 
2.03909 0.85025 | -0.0210178 8.18207 
2.42374 0.589569 | -0.0182732 7.88413 
2.19254 0.253021 | -0.0135318 9.58252 
2.52457 0.103973 | -0.00943382 8.06207 
2.78848 0.351959 | -0.0118452 5.37292 
2.96677 0.16568 | -0.00592251 3.44084 
2.99997 -3.05176e-05 | -0.00169976 3.05598 
2.81754 -0.0687561 | -0.00258908 5.34676 
2.99802 -0.139923 | 0.00182224 
2.93893 -0.464081 | 0.0106519 
2.86252 -0.36496 | 0.00638029 
2.65982 -0.47226 | 0.00757887 
2.61008 -0.251984 | 0.000264196 
2.68246 -0.181244 | -0.00109393 6.68345 
2.49997 -3.05176e-05 | -0.00719945 8.2641 
2.24997 -0.250031 | -0.00144915 9.40979 
2.25003 -0.499969 | 0.00642399 
2.49997 -0.500031 | 0.00730085 
2.05258 -0.675995 | 0.0129109 
2.39023 -0.857513 | 0.0201955 
3.00003 -0.999969 | 0.0322991 
3.50003 -0.499969 | 0.0232998 
3.99997 -0.500031 | 0.0387999 
3.74997 -0.750031 | 0.0395502 
0.891632 0.872284 | -0.00430776 -0.433305 -179.338 -1.45277 
0.941176 0.941176