1129 4
0.250977 -0.999023 | 0.063844 
0.250977 -0.749023 | 0.0534738 
0.000976563 -0.499023 | 0.0547238 
0.374023 -0.231445 | 0.0313323 
0.444336 -0.305664 | 0.0309938 
0.500977 -0.499023 | 0.0352336 
0.620117 -0.188477 | 0.021739 
0.641602 -0.0107422 | 0.016445 
0.817383 -0.243164 | 0.0174435 
0.911133 -0.0712891 | 0.0102735 
0.948242 -0.266602 | 0.0146782 
0.866211 -0.383789 | 0.0203738 
0.979492 -0.47168 | 0.0203415 
0.821289 -0.561523 | 0.0275381 
0.682617 -0.68457 | 0.0360406 
0.739258 -0.930664 | 0.044235 
1.00098 -0.999023 | 0.0402336 
1.04785 -0.538086 | 0.0209839 
1.16113 -0.733398 | 0.0256727 
1.35645 -0.618164 | 0.0176731 
1.45996 -0.754883 | 0.0211922 
1.2959 -0.926758 | 0.030905 
1.72559 -0.883789 | 0.0231725 
1.91504 -0.952148 | 0.0246295 
1.86426 -0.813477 | 0.0191681 
1.91504 -0.741211 | 0.015995 
1.89551 -0.524414 | 0.00816319 
1.65527 -0.602539 | 0.0129587 
1.58301 -0.704102 | 0.0175628 
1.6123 -0.483398 | 0.00929216 
1.55371 -0.321289 | 0.0048201 
1.59473 -0.358398 | 0.00544962 
1.70215 -0.350586 | 0.00402173 
1.69434 -0.438477 | 0.00690302 
1.86035 -0.456055 | 0.00607878 
1.96582 -0.40332 | 0.00375476 
1.99512 -0.276367 | -0.00028363 9.80889 
1.80371 -0.370117 | 0.00372313 
1.84082 -0.174805 | -0.00230902 9.74765 
1.95605 -0.211914 | -0.00196989 9.87432 
1.73535 -0.200195 | -0.000735549 9.41342 
1.38379 -0.0283203 | -0.000750289 7.36108 
1.29004 -0.0556641 | 0.00154721 
1.37012 -0.0673828 | 0.000449647 
1.27832 -0.15332 | 0.00430969 
1.34082 -0.19043 | 0.00421484 
1.47754 -0.206055 | 0.0024894 
1.43262 -0.352539 | 0.00749254 
1.28613 -0.495117 | 0.0145858 
1.18262 -0.299805 | 0.0103448 
1.08887 -0.47168 | 0.0177913 
1.02246 -0.18457 | 0.0105363 
1.17285 -0.243164 | 0.00887756 
1.1709 -0.0673828 | 0.00415309 
1.08496 -0.0146484 | 0.00468683 
1.00098 0.000976563 | 0.00625314 
1.1377 0.0126953 | 0.00288184 
1.19629 0.0498047 | 0.000803849 
1.15332 0.100586 | 0.000542496 
1.21387 0.174805 | -0.00226517 5.63191 
1.13184 0.223633 | -0.00155733 4.64088 
1.05176 0.243164 | -0.000160049 3.60799 
1.02832 0.331055 | -0.00122101 3.16933 
1.08301 0.407227 | -0.00373839 3.74601 
1.2002 0.307617 | -0.00454044 5.32115 
1.36621 0.438477 | -0.00974878 6.72984 
1.41113 0.254883 | -0.00734442 7.4295 
1.27637 0.139648 | -0.00272557 6.31483 
1.4873 0.102539 | -0.00537645 8.14832 
1.62598 0.0595703 | -0.00619917 9.01965 
1.79395 0.18457 | -0.0105402 9.61998 
1.81934 0.420898 | -0.014981 9.33045 
1.61426 0.401367 | -0.0126909 8.56395 
1.66309 0.575195 | -0.0157134 8.3846 
1.78809 0.657227 | -0.0178572 8.60827 
1.98535 0.831055 | -0.0206781 8.27188 
1.77051 0.893555 | -0.0197163 7.63816 
1.64551 0.758789 | -0.0174787 7.68793 
1.6123 0.981445 | -0.0185685 6.54811 
1.27832 0.926758 | -0.0132585 4.23598 
1.41309 0.825195 | -0.0149029 5.90549 
1.46191 0.52832 | -0.0125408 7.29152 
1.33496 0.643555 | -0.0119208 5.89323 
1.2373 0.545898 | -0.00895369 5.21538 
1.00293 0.655273 | -0.00520296 2.02273 
1.02441 0.733398 | -0.00650281 2.04582 
1.09277 0.780273 | -0.00847879 2.76224 
1.16699 0.844727 | -0.0105668 3.39733 
1.20605 0.975586 | -0.0121171 3.24316 
1.02246 0.961914 | -0.00806717 1.05081 
0.979492 0.979492 | -0.00711737 0.369292 
0.956055 0.950195 | -0.00640198 0.174615 
0.958008 0.979492 | -0.00658832 0.0615729 
0.924805 0.979492 | -0.00575253 -0.426602 -185.629 -1.39556 
0.881836 0.958008 | -0.00453883 -0.977023 -164.738 -1.29542 
0.911133 0.967773 | -0.00534892 -0.575017 -180.453 -1.38293 
0.93457 0.913086 | -0.00566368 0.0327656 
0.952148 0.879883 | -0.00590391 0.439565 
0.973633 0.801758 | -0.00587427 1.07748 
0.920898 0.803711 | -0.00456854 0.298593 
0.920898 0.764648 | -0.00424368 0.451753 
0.883789 0.762695 | -0.00326353 -0.10653 -185.505 -1.08369 
0.891602 0.838867 | -0.00407677 -0.290822 -182.662 -1.38365 
0.93457 0.833008 | -0.00514004 0.382325 
0.932617 0.864258 | -0.00531018 0.220798 
0.897461 0.866211 | -0.00441977 -0.317417 -183.324 -1.4389 
0.879883 0.848633 | -0.00383832 -0.513378 -174.423 -1.42698 
0.848633 0.84668 | -0.00298971 -0.998044 -152.475 -1.42897 
0.860352 0.782227 | -0.00280807 -0.54913 -167.665 -1.27231 
0.803711 0.795898 | -0.00137079 -1.52188 -120.101 -1.37885 
0.774414 0.817383 | -0.000713088 -2.10127 -91.2081 -1.29313 
0.75293 0.907227 | -0.000702712 -2.85754 -62.0661 -0.809687 
0.850586 0.879883 | -0.00326607 -1.11016 -150.646 -1.40625 
0.844727 0.946289 | -0.00348865 -1.50711 -139.491 -1.15666 
0.80957 0.938477 | -0.00248311 -2.04298 -111.019 -0.991107 
0.776367 0.979492 | -0.00174646 -2.79627 -76.8144 -0.583302 
0.694336 0.987305 | 0.000622636 
0.729492 0.887695 | 9.92744e-05 
0.676758 0.963867 | 0.00126025 
0.512695 0.973633 | 0.00648239 
0.586914 0.907227 | 0.00437763 
0.604492 0.797852 | 0.00457369 
0.680664 0.874023 | 0.00164642 
0.694336 0.75293 | 0.00216896 
0.69043 0.637695 | 0.00344989 
0.668945 0.741211 | 0.00304616 
0.612305 0.665039 | 0.0055696 
0.606445 0.508789 | 0.00767189 
0.77832 0.500977 | 0.00259807 
0.819336 0.575195 | 0.000466142 
0.756836 0.62793 | 0.00159987 
0.754883 0.698242 | 0.000901246 
0.758789 0.729492 | 0.000484666 
0.795898 0.727539 | -0.000552795 -1.39176 -119.933 -1.2471 
0.825195 0.696289 | -0.00106187 -0.796533 -148.657 -1.00377 
0.848633 0.727539 | -0.00200587 -0.52916 -164.389 -1.06193 
0.866211 0.717773 | -0.00238464 -0.214925 -178.291 -0.924695 
0.87207 0.672852 | -0.00208717 0.0332785 
0.875977 0.647461 | -0.00191663 0.178176 
0.950195 0.696289 | -0.00434264 1.13455 
0.973633 0.606445 | -0.00393716 1.76508 
0.981445 0.493164 | -0.00265507 2.18743 
0.932617 0.40332 | -9.04228e-05 1.68148 
0.916992 0.448242 | -0.000387511 1.35252 
0.870117 0.458008 | 0.000691407 
0.758789 0.432617 | 0.00415965 
0.866211 0.327148 | 0.00290863 
0.75293 0.282227 | 0.00686321 
0.915039 0.268555 | 0.00268715 
0.954102 0.354492 | 0.000171464 
0.983398 0.204102 | 0.00221933 
0.891602 0.165039 | 0.00533051 
0.967773 0.108398 | 0.00459976 
0.81543 0.0888672 | 0.00901651 
0.803711 0.143555 | 0.008157 
0.700195 0.21582 | 0.00968024 
0.72168 0.0673828 | 0.0121825 
0.567383 0.149414 | 0.0151917 
0.522461 0.362305 | 0.0126587 
0.737305 0.258789 | 0.00775356 
0.741211 0.393555 | 0.0052842 
0.598633 0.385742 | 0.00977393 
0.381836 0.479492 | 0.0157485 
0.338867 0.264648 | 0.020887 
0.291992 0.0869141 | 0.0262945 
0.0302734 0.151367 | 0.0355734 
0.110352 0.456055 | 0.0267009 
0.180664 0.569336 | 0.0222545 
0.477539 0.571289 | 0.0111215 
0.28418 0.643555 | 0.0173 
0.479492 0.870117 | 0.0081897 
0.491211 0.999023 | 0.00710352 
0.276367 0.93457 | 0.0152082 
0.141602 0.831055 | 0.0212312 
0.000976563 1.00098 | 0.0262531 
0.22168 1.16309 | 0.0166511 
0.0751953 1.36621 | 0.0229242 
0.237305 1.3877 | 0.016374 
0.290039 1.40723 | 0.0144089 
0.430664 1.43066 | 0.00933756 
0.479492 1.34277 | 0.00730531 
0.446289 1.2373 | 0.00826894 
0.368164 1.19824 | 0.0110563 
0.366211 1.04199 | 0.0113775 
0.46582 1.0498 | 0.00779938 
0.624023 1.0791 | 0.00248319 
0.56543 1.21387 | 0.00422012 
0.649414 1.1416 | 0.00157727 
0.696289 1.2002 | 0.000111466 
0.743164 1.19434 | -0.00127597 -4.53579 -24.1536 -0.0210179 
0.74707 1.13379 | -0.00134611 -4.11531 -33.888 -0.0630235 
0.717773 1.11426 | -0.000456527 -4.52132 -8.43663 -0.052015 
0.670898 1.08887 | 0.00100502 
0.65918 1.01465 | 0.00158482 
0.700195 1.04199 | 0.000243806 
0.749023 1.02246 | -0.00113147 -3.48122 -46.8613 -0.287195 
0.807617 1.11621 | -0.00304249 -2.98827 -91.5279 -0.201388 
0.821289 1.00293 | -0.00310319 -2.163 -114.694 -0.718259 
0.93457 1.05371 | -0.00627287 -0.658686 -182.14 -1.11546 
0.96582 1.02246 | -0.0069528 -0.0408411 -194.313 -1.40233 
0.991211 1.02832 | -0.00759355 0.289342 
0.991211 1.05957 | -0.00769109 0.126226 
0.946289 1.03418 | -0.00650713 -0.384283 -188.128 -1.27527 
0.956055 1.0791 | -0.00687984 -0.479358 -186.414 -1.0996 
0.995117 1.09473 | -0.00787175 -0.00849247 -190.457 -1.22691 
0.913086 1.08887 | -0.00581502 -1.16812 -169.309 -0.789925 
0.977539 1.13184 | -0.00750943 -0.462537 -185.328 -0.925285 
0.952148 1.24707 | -0.00690651 -1.51291 -168.571 -0.256529 
0.862305 1.20605 | -0.00460535 -2.62497 -126.69 -0.131701 
0.760742 1.2998 | -0.00168576 -4.88873 -30.1636 -0.00369302 
0.928711 1.27832 | -0.0062769 -2.05512 -157.38 -0.124925 
0.928711 1.43066 | -0.00580618 -3.08686 -142.146 -0.00903148 
0.836914 1.46777 | -0.00320294 -4.78013 -81.1477 -0.000463144 
0.786133 1.3877 | -0.0021575 -5.0467 -45.0192 -0.00091354 
0.807617 1.45605 | -0.00245706 -5.17369 -57.5436 -0.000303992 
0.735352 1.44043 | -0.000469985 -6.29359 7.80123 
0.71582 1.47363 | 0.000276643 
0.639648 1.49316 | 0.00270642 
0.649414 1.42871 | 0.00206625 
0.692383 1.40332 | 0.000642487 
0.735352 1.41309 | -0.000593993 -6.09853 5.06685 
0.729492 1.3623 | -0.00061264 -5.84934 5.47705 
0.72168 1.28223 | -0.000578078 -5.4582 4.74516 
0.698242 1.25293 | 8.07808e-05 
0.670898 1.29004 | 0.000962586 
0.62207 1.36426 | 0.00266843 
0.526367 1.34473 | 0.00571993 
0.504883 1.46973 | 0.00696175 
0.520508 1.58301 | 0.00717389 
0.584961 1.68652 | 0.00595056 
0.739258 1.67871 | 0.00112932 
0.717773 1.6084 | 0.00113785 
0.639648 1.50098 | 0.00275284 
0.729492 1.54785 | 0.000333939 
0.791992 1.53613 | -0.00154529 -6.03317 -35.5315 -8.41873e-05 
0.84082 1.61816 | -0.00227769 -5.87737 -69.2306 -4.43069e-05 
0.958008 1.58887 | -0.00556238 -3.85116 -135.928 -0.000472744 
0.948242 1.66504 | -0.00466841 -4.61279 -125.641 -4.5734e-05 
0.834961 1.63965 | -0.00193378 -6.14692 -62.3816 -5.13729e-05 
0.776367 1.64551 | -0.000247924 -7.167 -10.2129 -0.000168862 
0.788086 1.71191 | 5.55733e-05 
0.764648 1.86621 | 0.00254071 
0.821289 1.85645 | 0.000817643 
0.856445 1.81152 | -0.000708999 -7.28541 -61.8757 -5.51415e-05 
0.948242 1.78027 | -0.00346385 -5.60534 -114.118 -2.06563e-06 
0.911133 1.89941 | -0.000996413 -7.25299 -87.289 -9.80033e-06 
0.981445 1.9873 | -0.00145276 -7.07799 -100.254 -2.20075e-08 
0.889648 1.93848 | 0.000123689 
0.817383 1.96582 | 0.00248111 
0.735352 1.97363 | 0.00493703 
0.725586 1.89941 | 0.00413077 
0.674805 1.85645 | 0.00507141 
0.545898 1.85645 | 0.00916972 
0.383789 1.92871 | 0.0157964 
0.290039 1.76855 | 0.0172121 
0.399414 1.62988 | 0.0117691 
0.272461 1.50488 | 0.0155836 
0.174805 1.64355 | 0.0204816 
0.000976563 1.61035 | 0.0275409 
0.000976563 2.00098 | 0.0322727 
0.25293 2.0127 | 0.0220156 
0.268555 2.2373 | 0.0255648 
0.307617 2.45996 | 0.0291861 
0.0322266 2.51855 | 0.0418783 
0.319336 2.79004 | 0.0381512 
0.463867 2.63574 | 0.0282551 
0.500977 2.50098 | 0.0232922 
0.55957 2.81152 | 0.0303802 
0.842773 2.75098 | 0.0199759 
0.895508 2.99316 | 0.0266714 
0.999023 2.66309 | 0.0133297 
0.813477 2.58496 | 0.0159056 
0.999023 2.49902 | 0.00879807 
0.977539 2.37793 | 0.00631929 
0.901367 2.35059 | 0.00760295 
0.77832 2.36816 | 0.0113578 
0.75293 2.49902 | 0.0153147 
0.608398 2.36426 | 0.0163869 
0.749023 2.24902 | 0.00955783 
0.610352 2.2373 | 0.0135298 
0.59668 2.11035 | 0.0114938 
0.655273 2.02441 | 0.00815839 
0.750977 2.00098 | 0.00491232 
0.75293 2.13184 | 0.00712331 
0.875977 2.12598 | 0.00360471 
0.944336 2.2002 | 0.00327083 
0.999023 2.12402 | 0.00046164 
0.936523 2.06152 | 0.000885957 
0.938477 2.00098 | -0.000169952 -7.83499 -88.8424 -2.43425e-06 
1.00098 2.00098 | -0.00170779 -6.94066 -99.8994 -2.40799e-09 
1.06348 2.06348 | -0.00212723 -6.73565 -81.872 -2.6712e-06 
1.06152 2.12402 | -0.00100052 -7.39493 -76.522 -2.14055e-06 
1.00098 2.12598 | 0.000450898 
1.06348 2.18848 | 0.000187714 
1.12402 2.18652 | -0.00119046 -7.28093 -38.0503 -2.98408e-05 
1.12598 2.12598 | -0.00239041 -6.60442 -42.8032 -3.74707e-05 
1.12598 2.18848 | -0.00119388 -7.27855 -36.5532 -3.15595e-05 
1.18848 2.18848 | -0.00249734 -6.54698 12.311 
1.24902 2.12402 | -0.00491824 -5.19512 61.4959 
1.18652 2.12402 | -0.00369046 -5.87413 4.16502 
1.18652 2.06152 | -0.00480643 -5.22014 -2.08498 -0.000199622 
1.18848 2.00098 | -0.00585257 -4.58317 -6.439 -0.000216565 
1.25098 2.00098 | -0.00707791 -3.90585 51.0319 
1.37402 2.02832 | -0.00881648 -3.00637 158.253 
1.38184 2.12012 | -0.00733992 -3.8909 172.541 
1.36426 2.2373 | -0.00475534 -5.32055 172.41 
1.25098 2.25098 | -0.00244803 -6.56332 76.0319 
1.37012 2.27246 | -0.00411122 -5.66542 180.016 
1.37598 2.37598 | -0.00188064 -6.81736 194.32 
1.43848 2.43848 | -0.00136258 -7.05506 232.782 
1.43652 2.49902 | 0.000203584 
1.37402 2.49902 | 0.00119699 
1.31543 2.43262 | 0.000518098 
1.24902 2.49902 | 0.00341818 
1.18066 2.44238 | 0.00332561 
1.2334 2.37598 | 0.000672395 
1.24707 2.34277 | -0.000359939 -7.6583 81.5303 
1.21387 2.2998 | -0.000679717 -7.51445 46.2324 
1.16504 2.26074 | -0.000536819 -7.61878 -0.236305 -6.91978e-05 
1.1416 2.29785 | 0.000754853 
1.1416 2.35059 | 0.00194055 
1.02832 2.36816 | 0.00487441 
1.00098 2.50098 | 0.00880197 
1.11816 2.53027 | 0.00689996 
1.14551 2.60059 | 0.00823595 
1.01074 2.74707 | 0.0155776 
1.12598 2.90527 | 0.0181148 
1.25098 2.75098 | 0.0105617 
1.37793 2.90527 | 0.0133376 
1.47949 2.84473 | 0.00974257 
1.49902 2.74902 | 0.00640842 
1.37207 2.74316 | 0.00816823 
1.37402 2.62402 | 0.0046008 
1.30371 2.55371 | 0.00385867 
1.37598 2.50098 | 0.00121555 
1.43848 2.56348 | 0.00188986 
1.49902 2.56152 | 0.000951142 
1.50098 2.50098 | -0.000688262 -7.36655 250.095 
1.62598 2.50098 | -0.00227957 -6.60869 205.508 
1.68848 2.56348 | -0.00129275 -7.10247 162.897 
1.68652 2.62402 | 0.000415009 
1.62598 2.62598 | 0.00112912 
1.69043 2.66504 | 0.00156001 
1.65527 2.73535 | 0.00404031 
1.50098 2.75098 | 0.00644162 
1.50098 2.87598 | 0.0104753 
1.63965 2.8877 | 0.00912309 
1.72949 2.85449 | 0.00708722 
1.75098 2.75098 | 0.0035715 
1.75488 2.86426 | 0.00717883 
1.87988 2.87793 | 0.00667923 
1.97363 2.87012 | 0.00590534 
1.99902 2.74902 | 0.00189865 
1.93848 2.68457 | 0.000223435 
1.87402 2.74902 | 0.00255734 
1.81152 2.68652 | 0.00110666 
1.78027 2.65527 | 0.000439912 
1.81348 2.62598 | -0.000671905 -7.48099 54.3475 
1.87402 2.62402 | -0.00115897 -7.32396 6.99158 
1.81152 2.56152 | -0.0024534 -6.6502 49.6028 
1.81348 2.50098 | -0.0040806 -5.87881 41.8475 
1.87598 2.50098 | -0.00452469 -5.74403 -6.61471 -0.00846608 
1.99902 2.49902 | -0.00522147 -5.6128 -50.0948 -0.0158946 
1.99902 2.37402 | -0.00831277 -4.08997 -62.5948 -0.0609969 
1.87402 2.37402 | -0.00765408 -4.20018 -18.0084 -0.0289306 
1.87402 2.31152 | -0.00908255 -3.46806 -24.2584 -0.0487496 
1.81152 2.31152 | -0.00863602 -3.60454 24.6028 
1.75098 2.37598 | -0.00665457 -4.54381 86.6773 
1.74902 2.49902 | -0.00359158 -6.05022 100.823 
1.63574 2.4873 | -0.0027446 -6.38813 197.399 
1.61816 2.37012 | -0.00542293 -5.05613 197.532 
1.62598 2.27832 | -0.00757722 -3.94834 183.243 
1.74902 2.24902 | -0.0094617 -3.08269 75.8227 
1.63574 2.23535 | -0.0085966 -3.41341 172.204 
1.61816 2.11816 | -0.0106844 -2.22904 172.336 
1.62793 2.03027 | -0.0123338 -1.26639 157.121 
1.75098 2.00098 | -0.0140681 -0.440412 49.1773 
1.78027 2.03223 | -0.0138123 -0.660138 24.8632 
1.81152 2.00098 | -0.0145752 -0.256458 -6.45187 -0.314727 
1.81348 2.06152 | -0.0135838 -0.866301 -2.09779 -0.214079 
1.81348 2.12402 | -0.0124678 -1.52029 4.15221 
1.75098 2.12598 | -0.0119095 -1.73008 61.6773 
1.81348 2.18848 | -0.0112351 -2.21518 10.5975 
1.87402 2.18652 | -0.0117051 -2.06242 -36.7584 -0.130105 
1.87598 2.12598 | -0.0128758 -1.40626 -44.1147 -0.20432 
1.94238 2.18848 | -0.0120655 -1.99663 -71.428 -0.197808 
1.99902 2.12402 | -0.0135579 -1.2787 -87.5948 -0.358164 
1.93652 2.06152 | -0.0143836 -0.652678 -82.0727 -0.382799 
1.93848 2.00098 | -0.0154004 -0.0360537 -88.8319 -0.455924 
1.96973 2.03223 | -0.0150437 -0.331226 -94.0708 -0.442865 
1.99902 1.99902 | -0.0157117 0.00975662 
1.96191 1.91504 | -0.0168203 0.82149 
1.87598 1.91504 | -0.0163373 0.724745 
1.89355 1.94043 | -0.0160786 0.508147 
1.9209 1.99902 | -0.0153366 -0.0336885 -81.9472 -0.448889 
1.84473 1.97754 | -0.0151921 0.0559187 
1.83301 1.94629 | -0.0155837 0.336242 
1.76855 1.95605 | -0.0149224 0.0626326 
1.8291 1.93066 | -0.0157856 0.478519 
1.84082 1.77051 | -0.0179551 1.9873 
1.99902 1.8252 | -0.0181874 1.67165 
1.87988 1.62988 | -0.0196273 3.25851 
1.87598 1.50684 | -0.0205086 4.2168 
1.77051 1.51074 | -0.0196898 3.9284 
1.87402 1.71582 | -0.0187767 2.52969 
1.6709 1.67285 | -0.0174646 2.25178 
1.68262 1.55371 | -0.018572 3.26543 
1.5791 1.54004 | -0.0174886 2.84045 
1.6123 1.6709 | -0.0168287 1.97644 
1.5166 1.71387 | -0.0151891 1.03391 
1.53613 1.76855 | -0.0148603 0.68628 
1.52441 1.86621 | -0.0134975 -0.277566 184.859 
1.58105 1.8623 | -0.0142826 0.110698 
1.57324 1.81152 | -0.0148321 0.531219 
1.70605 1.75293 | -0.0170029 1.71807 
1.69824 1.87988 | -0.01536 0.532756 
1.7002 1.93652 | -0.0145773 0.000505977 
1.69238 1.98145 | -0.0138167 -0.472455 101.268 
1.59668 1.96387 | -0.0130251 -0.77157 169.55 
1.44629 1.96582 | -0.0109544 -1.79026 188.124 
1.44629 1.82129 | -0.0129592 -0.421872 173.671 
1.31348 1.84473 | -0.010484 -1.78056 92.7356 
1.2627 1.8877 | -0.00898535 -2.68361 50.7354 
1.31348 1.92285 | -0.00941562 -2.51641 100.548 
1.27637 1.97363 | -0.00798395 -3.37449 72.1132 
1.23145 1.95215 | -0.00746175 -3.62913 27.7814 
1.19043 1.90137 | -0.00738852 -3.58941 -14.6908 -0.000257432 
1.18262 1.98535 | -0.00598155 -4.49374 -13.0769 -0.000191644 
1.08887 1.91699 | -0.00501306 -4.95217 -85.5091 -1.14168e-05 
1.06348 1.77832 | -0.0062386 -3.99686 -110.388 -4.96237e-05 
1.15332 1.83301 | -0.00753763 -3.37803 -52.3027 -0.000200021 
1.21777 1.82324 | -0.008968 -2.55969 2.17302 
1.24316 1.7998 | -0.00974699 -2.07602 23.5538 
1.24512 1.70215 | -0.0108605 -1.20055 15.6277 
1.21582 1.67871 | -0.0105223 -1.31558 -14.0809 -0.0181099 
1.15527 1.66895 | -0.00938637 -1.91874 -67.191 -0.00689296 
1.00684 1.63574 | -0.00636488 -3.53896 -136.287 -0.000498469 
1.0166 1.54199 | -0.00732609 -2.66013 -144.983 -0.00560107 
1.19238 1.60059 | -0.0107424 -0.934171 -43.0514 -0.0479714 
1.2334 1.5498 | -0.0119332 -0.0858333 -10.6235 -0.178546 
1.27637 1.52441 | -0.0129166 0.553985 
1.31543 1.57715 | -0.0132529 0.527087 
1.30957 1.62012 | -0.0128064 0.127682 
1.28809 1.58887 | -0.012672 0.169158 
1.25879 1.61426 | -0.0119251 -0.329804 19.7187 
1.29395 1.70996 | -0.01169 -0.771813 61.9015 
1.3584 1.71191 | -0.0127965 -0.185323 115.646 
1.35254 1.62793 | -0.0134869 0.463462 
1.43457 1.74902 | -0.0136269 0.132079 
1.43848 1.66504 | -0.0145382 0.879469 
1.40918 1.6084 | -0.0145781 1.10855 
1.44824 1.49316 | -0.0159892 2.31201 
1.48145 1.32324 | -0.0171849 3.75522 
1.32715 1.32129 | -0.0147342 2.49154 
1.2666 1.41309 | -0.0133336 1.27274 
1.35254 1.44043 | -0.01474 1.90176 
1.2373 1.47754 | -0.0124619 0.502584 
1.18848 1.42871 | -0.0117451 0.323558 
1.15137 1.43457 | -0.0109535 -0.146214 -93.6515 -0.282979 
1.1416 1.46973 | -0.0105704 -0.51724 -97.4599 -0.163146 
1.10449 1.43066 | -0.00996657 -0.685987 -125.739 -0.17033 
1.01855 1.33105 | -0.00837012 -1.1184 -165.874 -0.207472 
1.02832 1.27441 | -0.00871629 -0.617005 -170.187 -0.439329 
1.05957 1.25293 | -0.00946619 -0.0663042 -164.315 -0.698653 
1.08496 1.28223 | -0.00999927 0.0751787 
1.14355 1.36621 | -0.011063 0.239929 
1.2002 1.2998 | -0.0124043 1.33399 
1.15723 1.19238 | -0.0116257 1.51315 
1.09277 1.14551 | -0.0102108 1.00383 
1.03418 1.03027 | -0.00862056 0.868502 
1.24121 1.10059 | -0.0132084 2.97344 
1.3584 1.11426 | -0.0153436 4.03738 
1.36621 1.2334 | -0.0155368 3.40732 
1.48926 1.18652 | -0.0174466 4.66889 
1.46582 1.03223 | -0.0168283 5.35469 
1.67676 1.1709 | -0.0197537 5.8469 
1.58691 1.30176 | -0.0186377 4.57857 
1.57129 1.47363 | -0.0177985 3.29468 
1.74707 1.46582 | -0.0197419 4.18417 
1.7002 1.28223 | -0.0199343 5.26555 
1.77246 1.34668 | -0.020457 5.10659 
1.93848 1.36621 | -0.0215398 5.30738 
1.7627 1.17871 | -0.0205831 6.13554 
2.00098 1.00098 | -0.0217078 7.49511 
2.16895 1.17871 | -0.0224858 6.32839 
2.07324 1.27441 | -0.022284 5.90242 
2.14941 1.48926 | -0.0216377 4.30025 
2.35645 1.29785 | -0.0221595 4.90664 
2.4248 1.44824 | -0.0213784 3.5033 
2.4248 1.1709 | -0.0219862 5.3193 
2.27441 1.04395 | -0.0222011 6.75251 
2.61035 1.11816 | -0.0207491 4.28727 
2.6123 1.2041 | -0.0207999 3.77176 
2.74121 1.22949 | -0.0195622 2.40564 
2.6377 1.03027 | -0.0202962 4.52235 
2.83301 1.12012 | -0.0184292 2.04458 
2.96973 1.06543 | -0.0163941 0.631804 
2.90332 1.1377 | -0.0175146 1.09754 
2.94434 1.17871 | -0.0169551 0.333752 
2.81348 1.12988 | -0.0186873 2.21297 
2.77832 1.35645 | -0.0189107 1.19332 
2.81738 1.30566 | -0.0185767 1.09842 
2.88965 1.29395 | -0.0176556 0.317914 
2.96387 1.25684 | -0.0166328 -0.400758 -170.46 -0.0117463 
2.95215 1.38965 | -0.0164831 -1.12355 -154.296 -0.060954 
2.85254 1.46191 | -0.0175559 -0.390363 -93.8766 -0.113323 
2.8252 1.41699 | -0.0181205 0.251532 
2.75098 1.40137 | -0.0190588 1.174 
2.7002 1.43848 | -0.0194293 1.42229 
2.68848 1.35449 | -0.0198752 2.12171 
2.59277 1.36035 | -0.0207002 2.93347 
2.52051 1.39355 | -0.0210981 3.26357 
2.50098 1.50098 | -0.0206883 2.62477 
2.52246 1.62598 | -0.0196456 1.49491 
2.56934 1.71582 | -0.0184752 0.388906 
2.65332 1.65137 | -0.0184077 0.218387 
2.65332 1.70605 | -0.0178841 -0.240636 106.243 
2.70605 1.7041 | -0.0173979 -0.721803 61.3289 
2.72168 1.62402 | -0.0179805 -0.210447 38.9796 
2.71191 1.57129 | -0.0185009 0.308032 
2.68652 1.61035 | -0.0184491 0.243903 
2.67285 1.54785 | -0.0190541 0.866436 
2.75098 1.50098 | -0.0185584 0.451244 
2.78223 1.53223 | -0.0180064 -0.118451 -26.9149 -0.183657 
2.75098 1.56348 | -0.0181431 -0.0275766 5.4551 
2.78223 1.59473 | -0.017552 -0.607038 -20.6649 -0.273783 
2.81348 1.56348 | -0.0174153 -0.706593 -51.8769 -0.231563 
2.87598 1.50098 | -0.0170247 -0.961041 -106.595 -0.155995 
2.94043 1.56934 | -0.0156535 -2.29876 -132.669 -0.25532 
2.87598 1.62598 | -0.016116 -1.93821 -94.0952 -0.347333 
2.94434 1.69043 | -0.0145544 -3.33673 -121.865 -0.489123 
2.87402 1.74902 | -0.0149427 -2.95269 -80.4886 -0.605435 
2.81152 1.68652 | -0.0163933 -1.68431 -37.8714 -0.451321 
2.78027 1.65527 | -0.0170601 -1.07779 -12.8048 -0.379648 
2.75098 1.68848 | -0.0170782 -1.04381 17.9551 
2.75098 1.75098 | -0.0164285 -1.58123 24.2051 
2.76074 1.80566 | -0.0156874 -2.17001 20.4778 
2.7666 1.8584 | -0.0149547 -2.71521 20.2497 
2.80176 1.81543 | -0.0150913 -2.70346 -16.3546 -0.715702 
2.86035 1.77051 | -0.0148846 -2.97706 -68.7941 -0.648285 
2.96191 1.78613 | -0.0132594 -4.40122 -117.104 -0.706571 
2.87988 1.85449 | -0.013594 -3.9742 -73.7989 -0.826607 
2.97559 1.92285 | -0.0112595 -5.85289 -105.948 -0.953466 
2.87988 1.94043 | -0.0123952 -4.78951 -65.2052 -0.945391 
2.8291 1.87988 | -0.0139199 -3.60857 -33.5052 -0.845268 
2.78809 1.93262 | -0.0136743 -3.65057 7.73621 
2.78027 1.88379 | -0.0144572 -3.09962 10.0467 
2.79395 1.97363 | -0.0129872 -4.11549 6.498 
2.62793 1.9834 | -0.0145316 -2.57284 152.453 
2.68848 1.93652 | -0.0146892 -2.66697 100.228 
2.65527 1.81934 | -0.0165915 -1.25679 116.054 
2.55957 1.84668 | -0.0170251 -0.700002 174.291 
2.49902 1.99902 | -0.0152215 -1.71957 199.899 
2.37402 1.99902 | -0.0158128 -0.96172 155.303 
2.31152 1.93652 | -0.016951 -0.049244 100.189 
2.31348 1.87598 | -0.0178018 0.519366 
2.37402 1.87402 | -0.0176541 0.248608 
2.2998 1.82129 | -0.0185404 1.08308 
2.37012 1.75098 | -0.0191748 1.38391 
2.44043 1.81934 | -0.0180862 0.37797 
2.49902 1.74902 | -0.0185916 0.622956 
2.4834 1.6377 | -0.0197811 1.67215 
2.37793 1.6123 | -0.0204835 2.5093 
2.26465 1.62402 | -0.0206602 2.91999 
2.24902 1.74902 | -0.0194617 1.92165 
2.23926 1.62793 | -0.0206534 2.97708 
2.12793 1.61816 | -0.0206994 3.34021 
2.00293 1.6377 | -0.0201959 3.29483 
2.00098 1.75098 | -0.0190681 2.3352 
2.1377 1.7627 | -0.0192949 2.1006 
2.12598 1.87598 | -0.0178758 1.09157 
2.18848 1.93848 | -0.0170452 0.359081 
2.21973 1.96973 | -0.0165713 -0.034833 18.5995 
2.18652 1.99902 | -0.0161138 -0.231841 -8.36059 -0.377736 
2.12402 1.99902 | -0.0160579 -0.0970549 -56.8198 -0.392665 
2.09277 1.96777 | -0.0164903 0.259899 
2.12402 1.93652 | -0.0170176 0.517874 
2.06152 1.93652 | -0.0168836 0.598407 
2.00098 1.93848 | -0.0166504 0.605765 
2.03223 1.96973 | -0.0162937 0.293231 
2.00098 2.00098 | -0.0156883 -0.00977463 -99.8996 -0.458031 
2.09277 2.06543 | -0.0148953 -0.72477 -68.6917 -0.434362 
2.03418 2.15332 | -0.0131368 -1.60008 -81.2239 -0.350285 
2.12207 2.21973 | -0.0120408 -2.42145 -36.0349 -0.328066 
2.12598 2.18848 | -0.0126743 -2.08378 -36.573 -0.367618 
2.15723 2.23535 | -0.0117622 -2.66366 -9.04299 -0.327702 
2.2041 2.2041 | -0.0124176 -2.43445 27.7369 
2.21777 2.18652 | -0.0127646 -2.28155 38.4739 
2.2334 2.07715 | -0.014795 -1.16466 42.0832 
2.20215 2.12402 | -0.0139618 -1.56247 17.9677 
2.15527 2.09277 | -0.0145096 -1.11668 -24.8312 -0.42029 
2.13965 2.01465 | -0.0158271 -0.282449 -44.4122 -0.397237 
2.20215 2.03027 | -0.0156064 -0.588803 8.59271 
2.24902 2.03027 | -0.0155824 -0.735669 52.0931 
2.31348 2.06348 | -0.0149153 -1.32725 114.585 
2.49512 2.09277 | -0.0136586 -2.65162 209.206 
2.43848 2.23145 | -0.0112925 -3.78352 212.069 
2.28809 2.20605 | -0.0123009 -2.74304 106.144 
2.37598 2.25098 | -0.0111448 -3.64889 181.8 
2.4209 2.42676 | -0.00696269 -5.95313 224.519 
2.36816 2.41895 | -0.00735893 -5.56952 193.296 
2.29004 2.49707 | -0.00559502 -6.17259 137.032 
2.15918 2.46777 | -0.00641084 -5.40072 15.7421 
2.2334 2.35254 | -0.00920538 -4.2144 69.6223 
2.2373 2.2666 | -0.0111097 -3.23477 64.6943 
2.2041 2.29004 | -0.010618 -3.39999 36.3307 
2.16113 2.27051 | -0.011025 -3.06832 -2.42945 -0.284214 
2.0752 2.32715 | -0.0096396 -3.57832 -50.8566 -0.144622 
2.01855 2.28418 | -0.0104163 -3.04608 -70.5647 -0.15096 
2.05566 2.48145 | -0.00587065 -5.41544 -42.7773 -0.0270985 
2.07324 2.51855 | -0.00495346 -5.89505 -32.5435 -0.0190024 
2.17285 2.5459 | -0.0043782 -6.41148 34.683 
2.21582 2.55371 | -0.00417216 -6.62706 73.3919 
2.12598 2.62598 | -0.00211111 -7.34959 7.17701 
2.21973 2.68848 | -0.000340484 -8.40504 90.4745 
2.21777 2.7334 | 0.00101627 
2.1709 2.70215 | 7.29683e-05 
2.09277 2.71777 | 0.000651337 
2.0791 2.6377 | -0.00168416 -7.43704 -18.0867 -0.00353174 
2.00098 2.65332 | -0.000982497 -7.60028 -34.6652 -0.00190469 
2.0166 2.73145 | 0.0012896 
2.06348 2.75098 | 0.00174167 
2.00879 2.9873 | 0.0098102 
2.18848 2.93848 | 0.00772434 
2.15332 2.7666 | 0.00206419 
2.30371 2.78418 | 0.00270381 
2.30762 2.87012 | 0.00550873 
2.34277 2.90332 | 0.00671684 
2.49902 2.87402 | 0.00641769 
2.37598 2.79199 | 0.00315407 
2.45215 2.7041 | 0.000759003 
2.45215 2.65527 | -0.000686004 -9.0459 258.793 
2.40527 2.65918 | -0.000786575 -8.81869 240.115 
2.37598 2.7373 | 0.00144273 
2.30371 2.73535 | 0.0011806 
2.28809 2.66504 | -0.000959014 -8.33243 152.043 
2.31348 2.66699 | -0.00085057 -8.46453 174.937 
2.2627 2.58887 | -0.00317117 -7.23481 120.825 
2.46191 2.56934 | -0.0030632 -7.98542 252.654 
2.60449 2.62012 | -0.000696532 -9.70011 230.842 
2.67285 2.61621 | -0.00020758 -10.2554 181.54 
2.65527 2.65332 | 0.000694138 
2.72754 2.63574 | 0.000896531 
2.64355 2.71582 | 0.00244452 
2.56738 2.66309 | 0.000255906 
2.50098 2.75098 | 0.00246115 
2.53418 2.86035 | 0.00618443 
2.6123 2.99316 | 0.0113543 
2.70801 2.9502 | 0.0107126 
2.64941 2.85254 | 0.00682858 
2.81934 2.75488 | 0.00551238 
2.80371 2.92285 | 0.0108268 
2.99902 2.87402 | 0.0119079 
2.99316 2.81152 | 0.00976117 
2.87598 2.68848 | 0.00422507 
2.78027 2.65527 | 0.00204538 
2.87402 2.59277 | 0.00144125 
2.7959 2.6084 | 0.000886811 
2.76465 2.59277 | 8.64571e-05 
2.81152 2.56152 | -0.00022293 -10.9769 49.6286 
2.79785 2.5166 | -0.00159134 -10.2538 57.2653 
2.87402 2.53027 | -0.00026065 -11.3107 -2.36364 -0.0608175 
2.92285 2.54785 | 0.000892182 
2.90723 2.59473 | 0.00195432 
2.96777 2.56152 | 0.00193222 
2.9834 2.4834 | 0.000108247 
2.93652 2.49902 | -0.000200713 -11.7036 -38.312 -0.0874622 
2.96191 2.34082 | -0.00368016 -10.1241 -61.6356 -0.345822 
2.87402 2.37402 | -0.00417361 -9.39495 -17.9886 -0.266004 
2.87402 2.33496 | -0.00507556 -8.93509 -21.8949 -0.349454 
2.85449 2.26074 | -0.00696466 -7.84792 -15.4589 -0.526778 
2.83691 2.29004 | -0.00656155 -7.97476 1.12633 
2.7959 2.37207 | -0.00521156 -8.46578 44.5738 
2.7959 2.42676 | -0.0038997 -9.12187 50.0425 
2.85449 2.41504 | -0.0034532 -9.65157 -0.0291947 -0.189934 
2.85645 2.45801 | -0.00236496 -10.1982 2.81633 
2.79395 2.45215 | -0.00329353 -9.41 54.3496 
2.65527 2.42285 | -0.0054736 -7.65735 176.405 
2.53418 2.38184 | -0.00741588 -6.16444 234.742 
2.53027 2.27637 | -0.00982353 -4.90733 224.935 
2.70996 2.33496 | -0.00701804 -7.13042 120.861 
2.69043 2.16895 | -0.0107062 -5.07118 121.761 
2.52832 2.21191 | -0.0111824 -4.16976 218.827 
2.59277 2.1084 | -0.0127054 -3.5535 186.082 
2.64746 2.02051 | -0.0137655 -3.11728 142.163 
2.70801 2.03418 | -0.0129607 -3.82579 92.5628 
2.7627 2.03418 | -0.0123752 -4.38433 41.4937 
2.81152 2.0498 | -0.0115387 -5.07765 -1.54331 -0.914695 
2.82324 2.03027 | -0.0117222 -5.01147 -13.5642 -0.934092 
2.84082 2.11816 | -0.00996324 -6.12612 -19.1838 -0.84714 
2.78809 2.09668 | -0.0110012 -5.30322 24.1425 
2.77832 2.06543 | -0.0116658 -4.87182 30.0205 
2.81152 2.15332 | -0.00967219 -6.16538 8.80825 
2.75098 2.21582 | -0.00914534 -6.19108 70.6895 
2.80957 2.24902 | -0.00777974 -7.19668 20.0878 
2.84082 2.18848 | -0.00862263 -6.88315 -12.1525 -0.702006 
2.85059 2.12793 | -0.00965684 -6.34449 -25.7963 -0.83475 
2.90332 2.22754 | -0.00699504 -8.07141 -50.3932 -0.625652 
2.98926 2.1709 | -0.00684428 -8.57805 -82.5663 -0.77974 
2.94043 2.1084 | -0.00876576 -7.25508 -78.7631 -0.900602 
2.88379 2.04395 | -0.0107019 -5.86847 -57.3431 -0.958684 
3.00098 2.00098 | -0.00966873 -6.96778 -99.8997 -0.99999 
3.05957 2.00098 | -0.00869575 -7.80622 -89.5307 -0.992849 
3.06543 2.05566 | -0.0076887 -8.44731 -81.9501 -0.966645 
3.06738 2.12012 | -0.00651031 -9.14909 -74.7592 -0.87842 
3.00488 2.12012 | -0.00755548 -8.24967 -87.9188 -0.886484 
3.05762 2.18848 | -0.00537407 -9.74131 -71.4427 -0.732637 
3.12598 2.12598 | -0.00535135 -10.1038 -42.8428 -0.847716 
3.12598 2.18848 | -0.00415481 -10.7779 -36.5928 -0.714024 
3.15723 2.21973 | -0.00293875 -11.6178 -10.6287 -0.62522 
3.18848 2.18848 | -0.00295828 -11.7824 12.2595 
3.24902 2.12402 | -0.00295731 -12.1124 61.4403 
3.18652 2.12402 | -0.00422952 -11.0553 4.11379 
3.15527 2.09277 | -0.00540408 -10.2177 -24.8542 -0.88633 
3.18652 2.06152 | -0.00534549 -10.4013 -2.13621 -0.902288 
3.18848 2.00098 | -0.00631351 -9.81863 -6.49049 -0.929193 
3.18848 2.03223 | -0.00580313 -10.1337 -3.36549 -0.921428 
3.21973 2.03223 | -0.00517557 -10.6563 24.8222 
3.25098 2.00098 | -0.00503885 -10.8774 50.9763 
3.37402 2.02832 | -0.00185554 -13.3959 158.213 
3.38184 2.12012 | -6.64818e-05 -14.4975 172.504 
3.43848 2.12988 | 0.00148506 
3.44824 2.19043 | 0.0028906 
3.36426 2.2373 | 0.00181497 
3.36426 2.17676 | 0.000595521 
3.30957 2.17285 | -0.000724136 -13.7128 122.087 
3.25098 2.25098 | -0.000408965 -13.5349 75.9763 
3.28223 2.28223 | 0.000924287 
3.25098 2.31348 | 0.000943818 
3.31348 2.31348 | 0.0022966 
3.37598 2.25098 | 0.00237473 
3.37598 2.37598 | 0.00515842 
3.37598 2.49902 | 0.00820383 
3.24902 2.49902 | 0.00537912 
3.18652 2.42676 | 0.00228163 
3.24316 2.3623 | 0.00189143 
3.2334 2.31152 | 0.000533967 
3.21191 2.2627 | -0.000967086 -12.999 40.6765 
3.16699 2.30957 | -0.000837798 -12.7927 6.18873 
3.15527 2.25488 | -0.00224675 -11.9797 -8.6433 -0.537328 
3.13184 2.34277 | -0.000757507 -12.6177 -17.1649 -0.330361 
3.11426 2.34668 | -0.000992583 -12.3893 -28.335 -0.324649 
3.04004 2.30957 | -0.00313188 -10.847 -64.3302 -0.420812 
3.0127 2.38184 | -0.0019279 -11.3047 -61.3422 -0.25853 
3.07715 2.38574 | -0.000746261 -12.2867 -44.1625 -0.247933 
3.10254 2.41504 | 0.000408967 
3.07715 2.44238 | 0.000629044 
3.00098 2.50098 | 0.000841035 
3.05957 2.59277 | 0.00428679 
3.08691 2.52051 | 0.00280357 
3.17871 2.58887 | 0.00636827 
3.18066 2.7373 | 0.0107501 
3.00293 2.66699 | 0.00546762 
3.12012 2.83496 | 0.0126971 
3.12402 2.95996 | 0.0170128 
3.19434 2.80566 | 0.0131686 
3.31543 2.9248 | 0.0196913 
3.49902 2.7959 | 0.0198435 
3.35059 2.61035 | 0.0106294 
3.37988 2.50879 | 0.00855052 
3.50098 2.50098 | 0.0113508 
3.68652 2.60254 | 0.0192687 
3.52246 2.63184 | 0.0154906 
3.58301 2.99512 | 0.0288516 
3.64941 2.7666 | 0.0230504 
3.95801 2.77246 | 0.0331322 
3.97363 2.53027 | 0.026654 
3.87207 2.2998 | 0.0175539 
3.72363 2.40332 | 0.0151944 
3.5498 2.35059 | 0.00895821 
3.65332 2.28809 | 0.0104607 
3.70215 2.21777 | 0.0104231 
3.58105 2.20801 | 0.00673392 
3.61426 2.06348 | 0.00495717 
3.65332 2.00879 | 0.0051628 
3.77051 2.00879 | 0.00870635 
3.85254 2.15332 | 0.013897 
3.99902 1.99902 | 0.0162492 
3.84473 1.96582 | 0.0104161 
3.8291 1.81348 | 0.00780325 
3.89355 1.81152 | 0.00992088 
3.94043 1.74121 | 0.01072 
3.99902 1.58105 | 0.0113169 
3.85449 1.56738 | 0.00622315 
3.7666 1.66895 | 0.0042415 
3.72559 1.74121 | 0.00370322 
3.6748 1.65723 | 0.00134105 
3.73535 1.59863 | 0.00266213 
3.66699 1.5498 | 0.000244294 
3.63379 1.58496 | -0.00046054 -14.8168 108.585 
3.61426 1.60645 | -0.00084677 -14.5477 123.657 
3.52246 1.63379 | -0.00312924 -12.7696 161.895 
3.5166 1.77441 | -0.00186609 -13.8441 176.631 
3.52637 1.8291 | -0.000949813 -14.5432 180.865 
3.59277 1.8291 | 0.000855866 
3.65527 1.77246 | 0.00195532 
3.70801 1.84082 | 0.00434738 
3.65527 1.89941 | 0.00357001 
3.71777 1.96387 | 0.00637129 
3.59668 1.97949 | 0.00308322 
3.54395 1.91309 | 0.000646806 
3.52832 1.95605 | 0.000860535 
3.48535 1.96973 | -5.39238e-05 -15.0209 196.333 
3.46777 1.85254 | -0.00216943 -13.5406 182.18 
3.32715 1.81543 | -0.00600783 -10.4709 101.401 
3.28613 1.90723 | -0.00570146 -10.5808 74.4436 
3.37012 1.96387 | -0.00297333 -12.6782 149.116 
3.21582 1.98926 | -0.00595181 -10.1583 16.9194 
3.2373 1.90332 | -0.0067934 -9.68798 28.3385 
3.19434 1.9209 | -0.00741601 -9.13045 -9.34698 -0.880761 
3.17676 1.90137 | -0.00804028 -8.65437 -26.5171 -0.869435 
3.1123 1.95801 | -0.00843124 -8.1763 -68.4041 -0.961143 
3.01855 1.98535 | -0.00963191 -7.05859 -100.451 -0.997604 
3.0166 1.9248 | -0.0105782 -6.43912 -106.708 -0.956266 
3.12402 1.83301 | -0.00995482 -7.1736 -73.4409 -0.783662 
3.02246 1.80762 | -0.0120436 -5.42861 -117.752 -0.754949 
3.1709 1.75293 | -0.0100162 -7.20276 -46.2616 -0.59649 
3.19043 1.86816 | -0.00822606 -8.56622 -18.0628 -0.81175 
3.19043 1.74121 | -0.0097614 -7.42067 -30.7581 -0.562873 
3.18457 1.62598 | -0.0109917 -6.35399 -47.3825 -0.333644 
3.11816 1.69824 | -0.0115873 -5.89264 -90.724 -0.495121 
3.00879 1.68652 | -0.0135916 -4.17795 -131.121 -0.483477 
3.11035 1.56543 | -0.0128772 -4.6881 -108.847 -0.244702 
3.18066 1.51465 | -0.0118929 -5.41573 -61.8712 -0.166192 
3.20215 1.61426 | -0.0107409 -6.55041 -33.0354 -0.308384 
3.19824 1.5498 | -0.0113115 -5.97546 -42.983 -0.208978 
3.2627 1.55371 | -0.00995567 -7.10726 17.2815 
3.34473 1.5752 | -0.0079883 -8.76067 91.5821 
3.27637 1.6416 | -0.00896422 -8.05043 38.8553 
3.3916 1.64941 | -0.00628113 -10.2497 131.446 
3.49512 1.58887 | -0.00421454 -11.8347 158.815 
3.4834 1.4502 | -0.00540291 -10.5387 144.199 
3.44043 1.34668 | -0.00689819 -8.94246 124.266 
3.32324 1.36621 | -0.00960701 -6.82584 53.2002 
3.29785 1.26465 | -0.0104054 -5.69569 20.8464 
3.26465 1.42871 | -0.0106422 -6.20954 6.61551 
3.37012 1.4502 | -0.00818228 -8.29392 97.7493 
3.29785 1.44238 | -0.00985973 -6.89852 38.6198 
3.19043 1.48535 | -0.0118762 -5.3568 -56.3441 -0.13239 
3.11621 1.44434 | -0.0135086 -3.86754 -117.35 -0.0991389 
3.11816 1.31348 | -0.013941 -2.99563 -129.201 -0.0252664 
3.18457 1.25293 | -0.0127782 -3.66907 -84.6872 -0.0103266 
3.19043 1.24902 | -0.0126665 -3.74128 -79.9769 -0.00966092 
3.12207 1.2002 | -0.0139979 -2.34452 -138.007 -0.00422858 
3.11621 1.0791 | -0.0139594 -1.56342 -153.874 -0.000103526 
3.16113 1.01074 | -0.0129041 -1.9167 -128.43 -3.43141e-08 
3.25684 1.03809 | -0.0110688 -3.66375 -39.7925 -4.98171e-06 
3.27832 1.12988 | -0.0108231 -4.53952 -10.5029 -0.00065715 
3.25293 1.21191 | -0.011412 -4.57346 -26.0894 -0.0047856 
3.31543 1.20996 | -0.0100572 -5.67637 30.8998 
3.3916 1.13184 | -0.00825439 -6.65093 79.6881 
3.4873 1.10254 | -0.00583348 -8.40061 109.773 
3.53027 1.01465 | -0.00446017 -8.83584 98.7688 
3.5752 1.08691 | -0.00346049 -10.1843 92.2818 
3.6416 1.02441 | -0.00140955 -11.3378 46.928 
3.68262 1.05176 | -0.000298705 -12.4266 16.8512 
3.71582 1.02246 | 0.000792313 
3.71777 1.08887 | 0.000659867 
3.74902 1.12207 | 0.00155547 
3.65723 1.10059 | -0.00116608 -12.1004 42.6715 
3.64941 1.14551 | -0.00146229 -12.1733 53.2073 
3.67676 1.18457 | -0.000689483 -13.0324 35.1233 
3.70605 1.15137 | 0.000205659 
3.70801 1.20605 | 0.000241242 
3.73535 1.23926 | 0.00108846 
3.66895 1.2334 | -0.000910842 -13.1461 46.5189 
3.6123 1.2334 | -0.0025428 -11.8554 87.5538 
3.52441 1.2666 | -0.00491492 -10.1485 124.906 
3.52051 1.39746 | -0.00467268 -10.9374 138.509 
3.63574 1.39355 | -0.00151181 -13.4359 88.0659 
3.64746 1.44629 | -0.000941985 -14.0775 84.7635 
3.70801 1.4502 | 0.000866853 
3.72363 1.36035 | 0.000971696 
3.70605 1.31348 | 0.000310777 
3.67676 1.34473 | -0.000482406 -14.0451 51.139 
3.67676 1.28809 | -0.000614272 -13.6723 45.4749 
3.63184 1.27051 | -0.00194874 -12.5278 78.5032 
3.71191 1.25879 | 0.000393403 
3.77441 1.25879 | 0.00232236 
3.8252 1.30371 | 0.00402016 
3.78027 1.34668 | 0.00268779 
3.81738 1.39746 | 0.00404918 
3.96191 1.40527 | 0.00896478 
3.99902 1.30566 | 0.0099765 
3.90527 1.22363 | 0.00658516 
3.84668 1.15332 | 0.00463733 
3.84863 1.02832 | 0.00497464 
3.99902 0.999023 | 0.0102688 
3.94238 0.87207 | 0.00893436 
3.83301 0.829102 | 0.0055428 
3.77051 0.916992 | 0.00296588 
3.86426 0.948242 | 0.00583136 
3.72168 0.99707 | 0.0010669 
3.67871 0.911133 | 0.000200303 
3.62793 0.889648 | -0.00114699 -10.3825 43.0981 
3.65527 0.961914 | -0.000754943 -11.3405 30.3345 
3.59473 0.983398 | -0.00257822 -10.0785 72.5753 
3.55371 0.911133 | -0.00334022 -8.83942 82.6689 
3.61035 0.864258 | -0.00148186 -9.87591 51.8243 
3.56152 0.80957 | -0.00243819 -8.57153 69.9075 
3.61426 0.762695 | -0.000586395 -9.55029 39.2816 
3.62598 0.799805 | -0.000564346 -9.95894 35.4308 
3.65137 0.862305 | -0.000294952 -10.7965 23.3956 
3.66309 0.81543 | 0.000385148 
3.73926 0.766602 | 0.00307149 
3.69629 0.668945 | 0.002709 
3.67676 0.743164 | 0.00139513 
3.59863 0.727539 | -0.000706069 -9.07069 44.8892 
3.5752 0.700195 | -0.00109033 -8.45652 53.6099 
3.51074 0.717773 | -0.00299412 -7.13759 71.4391 
3.58105 0.661133 | -0.000523101 -8.452 47.1023 
3.51074 0.606445 | -0.00179648 -6.76904 60.3063 
3.50684 0.553711 | -0.0012449 -6.53423 55.2348 
3.53809 0.522461 | -4.66843e-06 -7.11094 47.9834 
3.56934 0.543945 | 0.000554887 
3.65527 0.583008 | 0.002485 
3.73535 0.545898 | 0.00535153 
3.78809 0.598633 | 0.00633659 
3.8584 0.686523 | 0.00763944 
3.96387 0.670898 | 0.0114118 
3.99902 0.499023 | 0.0147785 
3.87012 0.37207 | 0.0122476 
3.96973 0.245117 | 0.0179373 
3.84473 0.120117 | 0.0162127 
3.74902 0.249023 | 0.0105383 
3.72754 0.104492 | 0.0128351 
3.59473 0.12207 | 0.00857195 
3.50488 0.147461 | 0.00560558 
3.50098 0.250977 | 0.00343186 
3.62402 0.256836 | 0.00667401 
3.62598 0.375977 | 0.00462424 
3.62402 0.499023 | 0.00269211 
3.56152 0.436523 | 0.00186643 
3.50098 0.438477 | 0.00022458 
3.53223 0.469727 | 0.000581269 
3.49902 0.499023 | -0.0007117 -6.22722 49.8992 
3.43066 0.430664 | -0.00143588 -4.67757 29.036 
3.37402 0.499023 | -0.00380301 -3.73326 5.28344 
3.31152 0.499023 | -0.00523148 -2.56766 -43.5867 -0.130935 
3.31152 0.436523 | -0.00431619 -2.42148 -49.8367 -0.201773 
3.37402 0.374023 | -0.00189432 -3.46043 -7.21656 -0.265317 
3.31152 0.311523 | -0.00225125 -2.18771 -62.3367 -0.397303 
3.31348 0.250977 | -0.00109524 -2.13817 -66.6906 -0.507304 
3.34473 0.282227 | -0.00097293 -2.7567 -37.7148 -0.429634 
3.37598 0.250977 | 0.000335664 
3.43066 0.327148 | 0.000264039 
3.49902 0.249023 | 0.00341818 
3.49707 0.124023 | 0.00590117 
3.37402 0.124023 | 0.00286057 
3.31152 0.0478516 | 0.0031293 
3.25098 0.125977 | 8.07808e-05 
3.31348 0.188477 | 0.000130097 
3.34473 0.219727 | 0.000213349 
3.31152 0.249023 | -0.00110159 -2.10013 -68.5867 -0.51229 
3.24902 0.249023 | -0.00245193 -0.988779 -126.06 -0.552549 
3.21777 0.217773 | -0.00249368 -0.416981 -158.428 -0.634193 
3.18652 0.249023 | -0.00372415 0.0683165 
3.18652 0.186523 | -0.00249637 0.136371 
3.18848 0.125977 | -0.00119388 0.15146 
3.21973 0.157227 | -0.00122781 -0.393279 -162.678 -0.74895 
3.24902 0.124023 | 8.17574e-05 
3.18652 0.0615234 | 0.000193574 
3.15527 0.0302734 | 0.000308076 
3.12598 0.0634766 | -0.00100882 1.1856 
3.12402 0.124023 | -0.00238455 1.18774 
3.00488 0.102539 | -0.00397743 2.96129 
3.00098 0.250977 | -0.00707791 2.88451 
3.14355 0.258789 | -0.00473827 0.7512 
3.1709 0.311523 | -0.00517966 0.236528 
3.19434 0.276367 | -0.00408198 -0.0967688 -173.8 -0.524013 
3.18848 0.329102 | -0.0051445 -0.0796345 -173.678 -0.417874 
3.23145 0.348633 | -0.00461294 -0.834817 -132.625 -0.365551 
3.17871 0.362305 | -0.00590391 0.0235086 
3.12988 0.37793 | -0.00709518 0.777401 
3.15723 0.407227 | -0.00705228 0.285602 
3.18262 0.37793 | -0.00608664 -0.0694619 -173.87 -0.327123 
3.2002 0.43457 | -0.00663727 -0.475384 -152.759 -0.230866 
3.19824 0.487305 | -0.00745578 -0.564389 -149.233 -0.161577 
3.14355 0.49707 | -0.00865594 0.300932 
3.00098 0.500977 | -0.011198 2.41454 
3.02637 0.647461 | -0.0126182 1.6365 
3.0791 0.717773 | -0.0124464 0.625474 
3.12988 0.647461 | -0.0108002 0.0864638 
3.15527 0.688477 | -0.010758 -0.453449 -165.284 -0.0241353 
3.21191 0.692383 | -0.00968355 -1.39804 -116.355 -0.0219765 
3.22949 0.610352 | -0.00842461 -1.4289 -108.28 -0.0548701 
3.26855 0.52832 | -0.00657037 -1.87302 -79.7621 -0.11007 
3.34277 0.59082 | -0.00572969 -3.39379 -8.38624 -0.0577016 
3.34668 0.541992 | -0.00502151 -3.32846 -10.2201 -0.0886164 
3.3916 0.526367 | -0.00376305 -4.14095 19.1413 
3.46387 0.575195 | -0.00262259 -5.70842 53.6597 
3.38184 0.647461 | -0.00547964 -4.30823 25.2379 
3.46387 0.694336 | -0.00396944 -6.08656 65.5738 
3.33887 0.74707 | -0.00747836 -3.84366 4.14011 
3.36621 0.65332 | -0.00591093 -4.0291 15.3485 
3.2998 0.649414 | -0.00737285 -2.78693 -38.9221 -0.0334599 
3.2959 0.758789 | -0.0085434 -3.10157 -31.5012 -0.00762461 
3.26465 0.854492 | -0.00997148 -2.93189 -50.8064 -0.00105165 
3.32324 0.850586 | -0.00866237 -3.96825 1.63773 
3.37988 0.788086 | -0.00688203 -4.77545 38.0472 
3.46387 0.819336 | -0.00507735 -6.55958 78.0738 
3.38184 0.895508 | -0.00760548 -5.26505 50.0426 
3.45801 0.950195 | -0.00605014 -7.01959 89.8163 
3.34668 0.981445 | -0.0088736 -5.00216 33.7252 
3.35254 0.911133 | -0.00838209 -4.77931 31.1701 
3.28223 0.907227 | -0.00993069 -3.47505 -29.1534 -0.000170291 
3.22168 0.981445 | -0.011584 -2.77268 -78.4464 -2.90886e-07 
3.23535 0.854492 | -0.0105867 -2.42326 -78.3782 -0.00108514 
3.12012 0.852539 | -0.0128266 -0.529991 -174.042 -0.00124739 
3.10645 0.80957 | -0.0127592 -0.140047 -186.75 -0.0034885 
3.05176 0.80957 | -0.0137207 0.679584 
3.00879 0.889648 | -0.0149954 0.954263 
3.07129 0.879883 | -0.0138838 0.0946527 
3.07715 0.94043 | -0.0141323 -0.268303 -188.694 -3.38198e-05 
3.05762 0.993164 | -0.0147171 -0.233674 -190.974 -5.89624e-09 
2.99902 0.999023 | -0.0157117 0.573993 
2.87598 0.932617 | -0.0172156 2.49685 
2.75293 0.905273 | -0.0185741 4.01437 
2.80957 0.803711 | -0.0172138 3.8337 
2.90137 0.862305 | -0.0164405 2.49897 
2.9248 0.745117 | -0.0151774 2.67267 
2.9502 0.577148 | -0.0129926 2.89731 
2.75488 0.655273 | -0.0164538 4.96926 
2.71582 0.680664 | -0.0171422 5.28342 
2.52246 0.551758 | -0.017258 7.34332 
2.58691 0.866211 | -0.0198888 5.73206 
2.72363 0.905273 | -0.0188894 4.31478 
2.40332 0.981445 | -0.0216089 6.46228 
2.2998 0.811523 | -0.0208912 7.72939 
2.14355 0.93457 | -0.0217636 7.67334 
2.09863 0.77832 | -0.0206191 8.41799 
2.07715 0.694336 | -0.0197921 8.75341 
2.14355 0.602539 | -0.0188985 8.94926 
2.32129 0.733398 | -0.0201757 7.93847 
2.46191 0.50293 | -0.0169549 7.88596 
2.26855 0.438477 | -0.0166538 9.0185 
2.19824 0.24707 | -0.0134192 9.57447 
2.3252 0.0126953 | -0.00824634 9.26521 
2.53809 0.114258 | -0.00956862 7.95669 
2.71387 0.176758 | -0.00938916 6.38296 
2.57715 0.317383 | -0.0132875 7.43497 
2.7002 0.442383 | -0.0142582 6.10607 
2.86816 0.299805 | -0.00993205 4.5412 
2.88379 0.493164 | -0.0128282 3.96778 
2.91895 0.354492 | -0.0101823 3.82153 
2.98926 0.21582 | -0.00658462 3.08751 
2.85059 0.0810547 | -0.00574699 4.95929 
2.99902 -0.000976563 | -0.00169217 3.06911 
2.90137 -0.0205078 | -0.00268445 4.35685 
2.87012 -0.0966797 | -0.00119565 4.71897 
2.77246 -0.182617 | -0.000106582 5.77291 
2.86426 -0.196289 | 0.00140862 
2.90918 -0.141602 | 0.000528306 
2.96777 -0.225586 | 0.00371771 
2.95215 -0.329102 | 0.00653879 
2.91113 -0.428711 | 0.00908409 
2.79785 -0.43457 | 0.00779247 
2.80762 -0.258789 | 0.00247264 
2.68457 -0.262695 | 0.00124286 
2.70996 -0.364258 | 0.00456963 
2.6709 -0.422852 | 0.00605393 
2.53223 -0.397461 | 0.00412256 
2.60449 -0.336914 | 0.00275719 
2.52441 -0.282227 | 0.000522401 
2.53418 -0.135742 | -0.00354117 7.97235 
2.57129 -0.239258 | -0.000406814 7.59042 
2.62988 -0.15332 | -0.00233725 7.18601 
2.49902 -0.000976563 | -0.0071824 8.27066 
2.26074 -0.0107422 | -0.00780414 9.52758 
2.24902 -0.250977 | -0.00142264 9.41188 
2.12402 -0.250977 | -0.00138895 9.73571 
2.12402 -0.375977 | 0.00239475 
2.1123 -0.499023 | 0.00644371 
2.25098 -0.499023 | 0.00639279 
2.25293 -0.364258 | 0.00199704 
2.31738 -0.297852 | 7.33803e-05 
2.37402 -0.370117 | 0.00245552 
2.42285 -0.303711 | 0.000608094 
2.49316 -0.34668 | 0.00228163 
2.49902 -0.500977 | 0.00732736 
2.45605 -0.592773 | 0.010296 
2.38574 -0.65918 | 0.0124105 
2.33105 -0.547852 | 0.0082216 
2.19824 -0.59082 | 0.0095704 
2.00293 -0.520508 | 0.00748984 
2.15527 -0.702148 | 0.0137017 
2.11035 -0.756836 | 0.0158724 
2.13184 -0.991211 | 0.0255605 
2.48145 -0.862305 | 0.0208231 
2.62988 -0.969727 | 0.0264251 
2.58105 -0.80957 | 0.0193358 
2.50293 -0.557617 | 0.00930985 
2.62988 -0.557617 | 0.0102402 
2.67871 -0.645508 | 0.0138506 
2.7666 -0.538086 | 0.0109198 
2.89746 -0.635742 | 0.016064 
2.80957 -0.791992 | 0.0208961 
3.00098 -0.999023 | 0.0322727 
3.27832 -0.897461 | 0.0331212 
3.35449 -0.65332 | 0.0251765 
3.48145 -0.518555 | 0.0234553 
3.14941 -0.567383 | 0.0177503 
3.09668 -0.731445 | 0.0228452 
3.03223 -0.481445 | 0.0126986 
3.16309 -0.442383 | 0.0137496 
3.18652 -0.321289 | 0.0103755 
3.08691 -0.291992 | 0.00762657 
3.01855 -0.219727 | 0.00435655 
3.07715 -0.170898 | 0.00398752 
3.01465 -0.12207 | 0.00161522 
3.04199 -0.0595703 | 0.000454682 
3.09668 -0.0986328 | 0.00240482 
3.19043 -0.108398 | 0.00442857 
3.22559 -0.196289 | 0.0075145 
3.29785 -0.166992 | 0.00823946 
3.37402 -0.0654297 | 0.00729643 
3.48926 -0.0302734 | 0.00925758 
3.38574 -0.223633 | 0.0118271 
3.28809 -0.366211 | 0.0138695 
3.50098 -0.499023 | 0.0232922 
3.64551 -0.399414 | 0.0239762 
3.53613 -0.295898 | 0.0177296 
3.6084 -0.0888672 | 0.0139476 
3.65918 -0.229492 | 0.0192265 
3.93652 -0.192383 | 0.0270424 
3.99902 -0.500977 | 0.0387981 
3.74902 -0.750977 | 0.0395578 
3.75098 -0.999023 | 0.0499123 
3.87598 -0.874023 | 0.0486047 
0.897461 0.866211 | -0.00441977 -0.317417 -183.324 -1.4389 
0.941176 0.941176