372 4
0.000976563 -0.499023 | 0.0547238 
0.500977 -0.499023 | 0.0352336 
1.00098 -0.999023 | 0.0402336 
1.83691 -0.874023 | 0.021834 
1.58887 -0.500977 | 0.010168 
1.96191 -0.389648 | 0.00333667 
1.69434 -0.0146484 | -0.00518933 9.35064 
1.31738 -0.217773 | 0.00539095 
1.20605 -0.485352 | 0.0157834 
1.00098 0.000976563 | 0.00625314 
1.03223 0.194336 | 0.00125055 
1.09668 0.450195 | -0.00470477 3.82673 
1.14941 0.272461 | -0.0028594 4.79013 
1.38965 0.0654297 | -0.00306081 7.40229 
1.54395 0.299805 | -0.0100924 8.33095 
1.53418 0.811523 | -0.0165577 6.84671 
1.3623 0.604492 | -0.0119364 6.26248 
1.12988 0.780273 | -0.00928679 3.22027 
0.987305 0.813477 | -0.0062997 1.22375 
0.930664 0.797852 | -0.00477063 0.467753 
0.901367 0.768555 | -0.00377408 0.141406 
0.889648 0.78418 | -0.00360072 -0.0990152 -186.963 -1.16752 
0.881836 0.833008 | -0.0037776 -0.417331 -177.238 -1.38826 
0.936523 0.813477 | -0.00504227 0.491595 
0.930664 0.854492 | -0.00519411 0.233779 
0.911133 0.862305 | -0.00474783 -0.0924773 -191 -1.4062 
0.891602 0.848633 | -0.00414635 -0.332021 -181.685 -1.41009 
0.864258 0.854492 | -0.00346417 -0.783103 -163.24 -1.44026 
0.84668 0.78418 | -0.00245618 -0.774482 -157.22 -1.31868 
0.803711 0.791992 | -0.00133906 -1.50638 -120.492 -1.37672 
0.782227 0.821289 | -0.000964965 -1.98471 -98.0631 -1.31189 
0.756836 0.922852 | -0.000904662 -2.86148 -64.1832 -0.753771 
0.87207 0.883789 | -0.00386613 -0.787606 -165.734 -1.44543 
0.78418 0.956055 | -0.00185944 -2.55051 -86.3873 -0.745342 
0.717773 0.973633 | -1.76231e-05 -3.7873 -22.4991 -0.333343 
0.709961 0.897461 | 0.000617463 
0.522461 0.948242 | 0.00627519 
0.518555 0.663086 | 0.00865535 
0.733398 0.588867 | 0.00274403 
0.811523 0.624023 | 9.61617e-05 
0.774414 0.692383 | 0.000399705 
0.764648 0.749023 | 0.00013614 
0.790039 0.739258 | -0.000497268 -1.53296 -113.439 -1.294 
0.833008 0.706055 | -0.0013735 -0.703719 -154.151 -1.01997 
0.84668 0.670898 | -0.00138576 -0.362399 -168.548 -0.763403 
0.893555 0.625977 | -0.00213698 0.518847 
0.889648 0.725586 | -0.0030791 0.122142 
0.950195 0.676758 | -0.00414206 1.2016 
0.975586 0.541992 | -0.00317836 1.97794 
0.907227 0.493164 | -0.000791198 1.09924 
0.782227 0.458008 | 0.00310634 
0.848633 0.37793 | 0.00251993 
0.817383 0.0732422 | 0.00931213 
0.59082 0.00683594 | 0.017631 
0.700195 0.456055 | 0.00552869 
0.180664 0.321289 | 0.0259985 
0.000976563 1.00098 | 0.0262531 
0.514648 1.19629 | 0.00590424 
0.668945 1.18262 | 0.000944306 
0.729492 1.22559 | -0.000869521 -4.96481 -8.19482 -0.00873443 
0.735352 1.06348 | -0.000861663 -3.93395 -29.8941 -0.145101 
0.754883 1.02637 | -0.00131488 -3.39966 -51.9921 -0.295446 
0.813477 1.00488 | -0.00289482 -2.30113 -107.787 -0.662959 
0.93457 1.1084 | -0.00640297 -0.954287 -176.671 -0.806403 
0.963867 1.21973 | -0.00721587 -1.17469 -174.183 -0.397395 
0.823242 1.34863 | -0.00332446 -4.16341 -81.7781 -0.0052489 
0.999023 1.41113 | -0.00763078 -1.93625 -158.884 -0.0481383 
0.870117 1.40918 | -0.00437656 -3.82999 -111.862 -0.0040323 
0.754883 1.45605 | -0.000960723 -6.06633 -9.0234 -0.000131412 
0.717773 1.4873 | 0.000295396 
0.522461 1.46777 | 0.0063584 
0.625977 1.62012 | 0.00404048 
0.706055 1.50293 | 0.00073639 
0.770508 1.54785 | -0.000855514 -6.48719 -14.5166 -0.000111923 
0.875977 1.52832 | -0.00389168 -4.61322 -103.9 -0.000270669 
0.911133 1.72559 | -0.00312581 -5.67767 -104.672 -8.21525e-06 
0.768555 1.63379 | -0.000127914 -7.20412 -4.09598 -0.000182271 
0.80957 1.75684 | -6.63902e-05 -7.55731 -29.1827 -0.000143529 
0.829102 1.81543 | 8.11623e-05 
0.856445 1.76465 | -0.00126033 -6.86633 -66.5632 -4.77129e-05 
0.969727 1.79199 | -0.00385973 -5.39936 -118.099 -1.79797e-06 
0.930664 1.88574 | -0.00168544 -6.83089 -97.4247 -3.56407e-06 
0.979492 1.99316 | -0.00131251 -7.16395 -99.4428 -3.1417e-08 
0.821289 1.97168 | 0.00246333 
0.762695 1.9834 | 0.00429558 
0.633789 1.79199 | 0.00553471 
0.000976563 2.00098 | 0.0322727 
0.500977 2.50098 | 0.0232922 
0.999023 2.49902 | 0.00879807 
0.749023 2.24902 | 0.00955783 
0.750977 2.00098 | 0.00491232 
0.875977 2.12598 | 0.00360471 
0.999023 2.12402 | 0.00046164 
0.936523 2.06152 | 0.000885957 
1.00098 2.00098 | -0.00170779 -6.94066 -99.8994 -2.40799e-09 
1.12598 2.12598 | -0.00239041 -6.60442 -42.8032 -3.74707e-05 
1.18848 2.18848 | -0.00249734 -6.54698 12.311 
1.24902 2.12402 | -0.00491824 -5.19512 61.4959 
1.25098 2.00098 | -0.00707791 -3.90585 51.0319 
1.37988 2.12207 | -0.00727194 -3.92841 171.484 
1.25098 2.25098 | -0.00244803 -6.56332 76.0319 
1.37598 2.37598 | -0.00188064 -6.81736 194.32 
1.37402 2.49902 | 0.00119699 
1.24902 2.49902 | 0.00341818 
1.00098 2.50098 | 0.00880197 
1.25098 2.75098 | 0.0105617 
1.49902 2.74902 | 0.00640842 
1.37402 2.62402 | 0.0046008 
1.50098 2.50098 | -0.000688262 -7.36655 250.095 
1.62598 2.62598 | 0.00112912 
1.50098 2.75098 | 0.00644162 
1.75098 2.75098 | 0.0035715 
1.99902 2.74902 | 0.00189865 
1.87402 2.74902 | 0.00255734 
1.81152 2.68652 | 0.00110666 
1.87402 2.62402 | -0.00115897 -7.32396 6.99158 
1.81152 2.56152 | -0.0024534 -6.6502 49.6028 
1.87598 2.50098 | -0.00452469 -5.74403 -6.61471 -0.00846608 
1.99902 2.49902 | -0.00522147 -5.6128 -50.0948 -0.0158946 
1.87402 2.37402 | -0.00765408 -4.20018 -18.0084 -0.0289306 
1.81152 2.31152 | -0.00863602 -3.60454 24.6028 
1.75098 2.37598 | -0.00665457 -4.54381 86.6773 
1.74902 2.49902 | -0.00359158 -6.05022 100.823 
1.74902 2.24902 | -0.0094617 -3.08269 75.8227 
1.62012 2.12012 | -0.0106712 -2.2394 171.279 
1.75098 2.00098 | -0.0140681 -0.440412 49.1773 
1.75098 2.12598 | -0.0119095 -1.73008 61.6773 
1.81348 2.18848 | -0.0112351 -2.21518 10.5975 
1.87598 2.12598 | -0.0128758 -1.40626 -44.1147 -0.20432 
1.99902 2.12402 | -0.0135579 -1.2787 -87.5948 -0.358164 
1.93652 2.06152 | -0.0143836 -0.652678 -82.0727 -0.382799 
1.93848 2.00098 | -0.0154004 -0.0360537 -88.8319 -0.455924 
1.99902 1.99902 | -0.0157117 0.00975662 
1.88574 1.84863 | -0.0173052 1.36573 
1.75488 1.65137 | -0.0184814 2.76523 
1.52832 1.58105 | -0.0165364 2.20565 
1.64746 1.90723 | -0.0144453 0.0431352 
1.6123 1.99512 | -0.012724 -0.995035 163.69 
1.5498 1.96973 | -0.0123477 -1.10703 189.686 
1.3877 1.75488 | -0.0128227 -0.302625 139.675 
1.35059 1.9248 | -0.0100315 -2.19092 131.103 
1.24316 1.90332 | -0.00839806 -3.03435 33.9054 
1.13379 1.94824 | -0.00553328 -4.69968 -55.213 -5.54218e-05 
1.07129 1.97559 | -0.00374478 -5.74696 -87.6356 -4.4628e-06 
1.12207 1.76074 | -0.00773636 -3.10304 -81.914 -0.00040158 
1.14941 1.71777 | -0.0087818 -2.40114 -66.8231 -0.0021202 
1.00488 1.55762 | -0.00693805 -2.94222 -144.167 -0.0030848 
1.16895 1.56934 | -0.0105052 -0.953232 -66.1848 -0.0553293 
1.21387 1.5127 | -0.0117976 -0.0123178 -32.4785 -0.225734 
1.34473 1.5459 | -0.0139886 1.04367 
1.43652 1.46387 | -0.0159748 2.43783 
1.16895 1.42871 | -0.0113462 0.100769 
1.2041 1.16504 | -0.0125696 2.20772 
1.25684 1.09082 | -0.0134852 3.18991 
1.59473 1.38965 | -0.0184768 4.03159 
2.00098 1.00098 | -0.0217078 7.49511 
2.32129 1.32324 | -0.022201 4.90572 
2.58105 1.10449 | -0.0209568 4.60563 
2.85059 1.05176 | -0.0180476 2.21023 
2.79199 1.33301 | -0.0188185 1.20181 
2.70215 1.4541 | -0.0193328 1.29027 
2.50098 1.50098 | -0.0206883 2.62477 
2.75098 1.50098 | -0.0185584 0.451244 
2.81348 1.56348 | -0.0174153 -0.706593 -51.8769 -0.231563 
2.87598 1.50098 | -0.0170247 -0.961041 -106.595 -0.155995 
2.87598 1.62598 | -0.016116 -1.93821 -94.0952 -0.347333 
2.87402 1.74902 | -0.0149427 -2.95269 -80.4886 -0.605435 
2.81152 1.68652 | -0.0163933 -1.68431 -37.8714 -0.451321 
2.75098 1.68848 | -0.0170782 -1.04381 17.9551 
2.75098 1.75098 | -0.0164285 -1.58123 24.2051 
2.76465 1.7998 | -0.0157141 -2.15857 16.2222 
2.78613 1.81348 | -0.0153009 -2.51344 -2.38687 -0.703175 
2.84863 1.77832 | -0.0149482 -2.90729 -59.2652 -0.660884 
2.87598 1.82324 | -0.0140462 -3.63925 -74.3686 -0.765296 
2.98926 1.91895 | -0.0111019 -6.00193 -107.762 -0.949843 
2.89355 1.96582 | -0.011825 -5.20585 -71.0817 -0.968974 
2.84668 1.88965 | -0.0135619 -3.90517 -46.6272 -0.869331 
2.80762 1.94629 | -0.0132385 -3.99959 -8.46813 -0.909819 
2.77051 1.98145 | -0.0131386 -3.93811 28.8979 
2.73145 1.94824 | -0.014077 -3.20448 62.2991 
2.63574 1.97363 | -0.0146162 -2.54479 146.053 
2.72559 1.91309 | -0.0146527 -2.80582 64.255 
2.67676 1.87402 | -0.0156839 -1.96047 104.044 
2.49902 1.99902 | -0.0152215 -1.71957 199.899 
2.37402 1.99902 | -0.0158128 -0.96172 155.303 
2.37402 1.87402 | -0.0176541 0.248608 
2.49902 1.74902 | -0.0185916 0.622956 
2.24902 1.74902 | -0.0194617 1.92165 
2.00098 1.75098 | -0.0190681 2.3352 
2.12598 1.87598 | -0.0178758 1.09157 
2.18848 1.93848 | -0.0170452 0.359081 
2.18652 1.99902 | -0.0161138 -0.231841 -8.36059 -0.377736 
2.12402 1.99902 | -0.0160579 -0.0970549 -56.8198 -0.392665 
2.00098 2.00098 | -0.0156883 -0.00977463 -99.8996 -0.458031 
2.02637 2.20605 | -0.0120771 -2.17152 -77.342 -0.265356 
2.08496 2.1377 | -0.0135749 -1.47448 -65.3652 -0.400968 
2.12598 2.18848 | -0.0126743 -2.08378 -36.573 -0.367618 
2.2002 2.22754 | -0.0119416 -2.68315 26.5646 
2.41309 2.05176 | -0.014791 -1.70928 183.35 
2.45605 2.40137 | -0.00741153 -5.86076 234.45 
2.21191 2.42676 | -0.00744923 -5.03474 57.1098 
2.18652 2.31152 | -0.0101433 -3.59946 22.8894 
2.16504 2.3252 | -0.00982713 -3.70549 6.18508 
2.07324 2.33691 | -0.00941359 -3.69017 -50.7075 -0.132118 
2.10254 2.4248 | -0.00740355 -4.77221 -27.456 -0.0680694 
2.09863 2.58105 | -0.00332413 -6.72217 -14.0056 -0.00939064 
2.23926 2.52441 | -0.00494386 -6.3292 92.3112 
2.12598 2.62598 | -0.00211111 -7.34959 7.17701 
2.23926 2.72559 | 0.000789536 
2.09863 2.66895 | -0.000819244 -7.87573 -5.21655 -0.00233838 
2.04004 2.7373 | 0.00138893 
2.10254 2.8252 | 0.00400758 
2.35645 2.97559 | 0.00927181 
2.44043 2.7002 | 0.000583924 
2.2666 2.7002 | 5.02174e-05 
2.29199 2.50293 | -0.00543912 -6.25372 139.398 
2.70996 2.50684 | -0.0028212 -9.21088 138.049 
2.65137 2.59473 | -0.00101005 -9.7779 196.615 
2.72949 2.71582 | 0.00328073 
2.55762 2.74707 | 0.00271317 
2.80176 2.91309 | 0.0104678 
2.99902 2.74902 | 0.00787912 
2.77246 2.7002 | 0.00328298 
2.83691 2.57324 | 0.000414536 
2.83691 2.55176 | -0.000170913 -11.1427 27.2982 
2.94824 2.58887 | 0.00238818 
2.94434 2.53027 | 0.000736634 
2.94824 2.48535 | -0.00038005 -11.6866 -43.592 -0.101311 
2.90723 2.27637 | -0.00591264 -8.67031 -47.575 -0.499129 
2.84473 2.27246 | -0.00684155 -7.8655 -6.82794 -0.494169 
2.77832 2.31152 | -0.00680061 -7.56467 54.6298 
2.7666 2.43066 | -0.00414429 -8.85142 77.4763 
2.6748 2.39746 | -0.00590648 -7.53178 158.032 
2.54395 2.09863 | -0.0132416 -3.06535 204.188 
2.80176 2.16309 | -0.00960353 -6.16135 18.411 
2.81348 2.18848 | -0.00896561 -6.56902 10.6231 
2.8623 2.22754 | -0.00755516 -7.5685 -24.4997 -0.614068 
2.82324 2.16309 | -0.00934035 -6.40379 -0.282998 -0.750927 
2.9502 2.22754 | -0.0063137 -8.67476 -69.9511 -0.634145 
2.90918 2.1084 | -0.00921876 -6.85369 -65.376 -0.89233 
3.00098 2.00098 | -0.00966873 -6.96778 -99.8997 -0.99999 
3.06934 2.05762 | -0.00758748 -8.5253 -80.2431 -0.963851 
3.00098 2.12012 | -0.00761821 -8.19526 -87.9857 -0.886524 
3.05762 2.19043 | -0.00533542 -9.76269 -71.2474 -0.727832 
3.12598 2.12598 | -0.00535135 -10.1038 -42.8428 -0.847716 
3.12598 2.18848 | -0.00415481 -10.7779 -36.5928 -0.714024 
3.18848 2.18848 | -0.00295828 -11.7824 12.2595 
3.24902 2.12402 | -0.00295731 -12.1124 61.4403 
3.25098 2.00098 | -0.00503885 -10.8774 50.9763 
3.37988 2.12207 | -7.66289e-05 -14.4807 171.446 
3.25098 2.25098 | -0.000408965 -13.5349 75.9763 
3.31348 2.31348 | 0.0022966 
3.37598 2.25098 | 0.00237473 
3.37598 2.37598 | 0.00515842 
3.24902 2.49902 | 0.00537912 
3.00098 2.50098 | 0.000841035 
3.08887 2.66309 | 0.00680705 
3.15137 2.76855 | 0.0111546 
3.50098 2.50098 | 0.0113508 
3.94824 2.50488 | 0.0250907 
3.99902 1.99902 | 0.0162492 
3.72754 1.72363 | 0.00357567 
3.72559 1.61426 | 0.00249022 
3.60254 1.62012 | -0.00106386 -14.3962 131.973 
3.53223 1.75684 | -0.00165106 -14.0198 172.629 
3.4873 1.93848 | -0.00047499 -14.7559 193.367 
3.21191 1.9834 | -0.00612317 -10.0342 12.7468 
3.22949 1.90332 | -0.00695486 -9.55415 21.0165 
3.18848 1.93262 | -0.00736186 -9.14639 -13.3264 -0.896748 
3.16309 1.89941 | -0.00833285 -8.41366 -37.9956 -0.87532 
3.09277 1.96387 | -0.00869463 -7.93467 -78.8633 -0.972572 
3.02441 1.89941 | -0.0108116 -6.3071 -108.303 -0.923451 
3.08301 1.83496 | -0.0106712 -6.56288 -96.5793 -0.801324 
3.16504 1.79395 | -0.00965929 -7.47141 -46.9638 -0.68635 
3.19434 1.70801 | -0.0100322 -7.19905 -30.636 -0.491335 
3.08691 1.69434 | -0.0121902 -5.38098 -108.769 -0.493144 
3.0791 1.5752 | -0.0133641 -4.28963 -124.35 -0.263335 
3.17871 1.5498 | -0.0116976 -5.65307 -60.0194 -0.212238 
3.23535 1.62012 | -0.0100155 -7.15982 -1.81574 -0.308894 
3.30371 1.56152 | -0.00901123 -7.8991 55.7775 
3.44824 1.4541 | -0.00627324 -9.85134 137.533 
3.32324 1.31543 | -0.00975003 -6.4854 48.1221 
3.30762 1.43066 | -0.00969978 -6.99105 46.1504 
3.37402 1.48926 | -0.00787999 -8.65542 104.307 
3.19434 1.45215 | -0.0119772 -5.17766 -56.222 -0.100769 
3.0791 1.31738 | -0.014634 -2.42527 -150.131 -0.0269596 
3.19824 1.21777 | -0.012532 -3.67815 -76.1861 -0.00562332 
3.0791 1.09277 | -0.0146568 -1.07191 -172.592 -0.000198815 
3.27051 1.04004 | -0.0107843 -3.91386 -26.7633 -5.9914e-06 
3.35645 1.08887 | -0.00900284 -5.74147 51.8603 
3.29785 1.15527 | -0.0104272 -5.03399 9.90888 
3.43262 1.15137 | -0.0072829 -7.56684 101.873 
3.56152 1.0127 | -0.00361171 -9.4969 90.22 
3.50684 1.28223 | -0.00535419 -9.878 128.086 
3.64746 1.37988 | -0.00122499 -13.6083 78.1229 
3.7002 1.4541 | 0.000651536 
3.73926 1.35059 | 0.00141991 
3.77246 1.27637 | 0.00228465 
3.94043 1.27637 | 0.00784927 
3.99902 0.999023 | 0.0102688 
3.70996 0.942383 | 0.000963486 
3.65137 0.887695 | -0.000459991 -10.9076 25.9346 
3.59473 0.958008 | -0.00246178 -9.95523 70.0363 
3.60645 0.844727 | -0.00145692 -9.7052 52.1881 
3.61035 0.762695 | -0.000696731 -9.46282 41.6681 
3.66309 0.838867 | 0.000210374 
3.71582 0.764648 | 0.00237242 
3.99902 0.499023 | 0.0147785 
3.74902 0.249023 | 0.0105383 
3.50098 0.250977 | 0.00343186 
3.62598 0.375977 | 0.00462424 
3.62402 0.499023 | 0.00269211 
3.56152 0.436523 | 0.00186643 
3.49902 0.499023 | -0.0007117 -6.22722 49.8992 
3.37402 0.499023 | -0.00380301 -3.73326 5.28344 
3.31152 0.436523 | -0.00431619 -2.42148 -49.8367 -0.201773 
3.37402 0.374023 | -0.00189432 -3.46043 -7.21656 -0.265317 
3.31152 0.311523 | -0.00225125 -2.18771 -62.3367 -0.397303 
3.31348 0.250977 | -0.00109524 -2.13817 -66.6906 -0.507304 
3.37598 0.250977 | 0.000335664 
3.49902 0.249023 | 0.00341818 
3.37402 0.124023 | 0.00286057 
3.25098 0.125977 | 8.07808e-05 
3.31348 0.188477 | 0.000130097 
3.31152 0.249023 | -0.00110159 -2.10013 -68.5867 -0.51229 
3.24902 0.249023 | -0.00245193 -0.988779 -126.06 -0.552549 
3.18652 0.249023 | -0.00372415 0.0683165 
3.18652 0.186523 | -0.00249637 0.136371 
3.24902 0.124023 | 8.17574e-05 
3.12402 0.124023 | -0.00238455 1.18774 
3.00098 0.250977 | -0.00707791 2.88451 
3.00098 0.500977 | -0.011198 2.41454 
3.00684 0.635742 | -0.0128063 1.94987 
3.08301 0.688477 | -0.0120864 0.66982 
3.1377 0.65332 | -0.0107187 -0.0556146 -181.974 -0.037228 
3.27246 0.512695 | -0.0062744 -1.90129 -77.6736 -0.123969 
3.31348 0.579102 | -0.00624655 -2.8191 -33.8781 -0.067153 
3.37598 0.53418 | -0.00423762 -3.86137 10.101 
3.38184 0.665039 | -0.00567081 -4.3659 26.9957 
3.49316 0.688477 | -0.0031607 -6.66791 68.7072 
3.31738 0.735352 | -0.00785557 -3.40392 -14.8781 -0.0107201 
3.30762 0.776367 | -0.00843719 -3.38091 -19.2792 -0.00555244 
3.33301 0.864258 | -0.0085357 -4.20701 11.1218 
3.3877 0.805664 | -0.00683879 -4.99564 44.7172 
3.37793 0.915039 | -0.00781279 -5.27859 49.4729 
3.33691 0.999023 | -0.00917035 -4.9072 27.768 
3.31152 0.918945 | -0.00935524 -4.05625 -1.59456 -9.55509e-05 
3.2373 0.977539 | -0.0112451 -3.02037 -64.2397 -6.15167e-07 
3.1123 0.84668 | -0.0129286 -0.383984 -179.537 -0.00146314 
3.04199 0.811523 | -0.0139014 0.81366 
3.01074 0.881836 | -0.0149147 0.961471 
2.99902 0.999023 | -0.0157117 0.573993 
2.78809 0.53418 | -0.0146084 4.97358 
2.65918 0.911133 | -0.0195571 4.90711 
2.0127 0.77832 | -0.020371 8.48442 
2.42285 0.592773 | -0.0183161 7.87986 
2.54004 0.0947266 | -0.00912744 7.95227 
2.84863 0.331055 | -0.0107421 4.72477 
2.99902 -0.000976563 | -0.00169217 3.06911 
2.84863 -0.0908203 | -0.00163058 4.97815 
2.98535 -0.194336 | 0.0031095 
2.81934 -0.301758 | 0.00388854 
2.63379 -0.477539 | 0.0075231 
2.55566 -0.264648 | 0.00021692 
2.49902 -0.000976563 | -0.0071824 8.27066 
2.24902 -0.250977 | -0.00142264 9.41188 
2.25098 -0.499023 | 0.00639279 
2.49902 -0.500977 | 0.00732736 
2.3252 -0.87207 | 0.0205915 
3.00098 -0.999023 | 0.0322727 
3.50098 -0.499023 | 0.0232922 
3.99902 -0.500977 | 0.0387981 
0.87207 0.883789 | -0.00386613 -0.787606 -165.734 -1.44543 
0.941176 0.941176