1178 4
0.125977 -0.874023 | 0.0635315 
0.250977 -0.999023 | 0.063844 
0.250977 -0.749023 | 0.0534738 
0.000976563 -0.499023 | 0.0547238 
0.0634766 -0.178711 | 0.0421558 
0.370117 -0.245117 | 0.0318683 
0.446289 -0.297852 | 0.0306906 
0.500977 -0.499023 | 0.0352336 
0.59082 -0.245117 | 0.0242782 
0.647461 -0.0458984 | 0.0171264 
0.805664 -0.227539 | 0.0173204 
0.928711 -0.0908203 | 0.0103239 
0.979492 -0.180664 | 0.0114587 
0.948242 -0.256836 | 0.0143927 
0.866211 -0.385742 | 0.0204357 
0.993164 -0.469727 | 0.0199444 
0.905273 -0.68457 | 0.0297792 
0.856445 -0.508789 | 0.024751 
0.72168 -0.65332 | 0.0337023 
0.731445 -0.958008 | 0.0456365 
1.00098 -0.999023 | 0.0402336 
1.05566 -0.678711 | 0.0258906 
1.24902 -0.59668 | 0.0188241 
1.28223 -0.620117 | 0.0190513 
1.45801 -0.674805 | 0.0181545 
1.29199 -0.770508 | 0.0245738 
1.41504 -0.883789 | 0.0270834 
1.5752 -0.801758 | 0.0214742 
1.68066 -0.958008 | 0.0267671 
1.9502 -0.911133 | 0.0226928 
1.78223 -0.829102 | 0.0204179 
1.95996 -0.713867 | 0.0147051 
1.83691 -0.594727 | 0.0110287 
1.74121 -0.713867 | 0.0162338 
1.54004 -0.616211 | 0.0148417 
1.55762 -0.44043 | 0.00853665 
1.50098 -0.354492 | 0.0065508 
1.61621 -0.364258 | 0.00537712 
1.72559 -0.354492 | 0.00391515 
1.74707 -0.444336 | 0.00658986 
1.82715 -0.473633 | 0.00690065 
1.89746 -0.420898 | 0.00468842 
1.97559 -0.358398 | 0.00228967 
1.93652 -0.295898 | 0.00057132 
1.87012 -0.342773 | 0.00238973 
1.77832 -0.293945 | 0.00159686 
1.87402 -0.198242 | -0.00188658 9.79154 
1.6416 -0.12207 | -0.00190321 9.07074 
1.42676 -0.0751953 | -0.000259734 7.70387 
1.38965 -0.00488281 | -0.00141588 7.41293 
1.30566 -0.0322266 | 0.000682191 
1.36426 -0.0966797 | 0.00129843 
1.29199 -0.176758 | 0.0046994 
1.37207 -0.219727 | 0.00451091 
1.42871 -0.125977 | 0.00103101 
1.46777 -0.233398 | 0.00340787 
1.40137 -0.291992 | 0.00613855 
1.4873 -0.479492 | 0.0107863 
1.36816 -0.467773 | 0.0122342 
1.33691 -0.348633 | 0.00893181 
1.17676 -0.250977 | 0.00902358 
1.22168 -0.430664 | 0.0136618 
1.10449 -0.43457 | 0.0162196 
1.04004 -0.204102 | 0.0106701 
1.1709 -0.213867 | 0.0080807 
1.12988 -0.0634766 | 0.00491524 
1.09863 -0.0283203 | 0.0047178 
1.00098 0.000976563 | 0.00625314 
1.0791 0.0673828 | 0.00289235 
1.14551 0.00292969 | 0.00294931 
1.19629 0.0751953 | 0.000226212 
1.12793 0.118164 | 0.000697038 
1.19043 0.163086 | -0.00155577 5.38209 
1.15332 0.231445 | -0.00216363 4.88784 
1.07324 0.166992 | 0.000866883 
1.04004 0.239258 | 0.000185349 
1.05566 0.290039 | -0.00112466 3.59684 
1.1123 0.307617 | -0.00270572 4.29119 
1.01465 0.317383 | -0.000659286 3.00569 
1.07129 0.401367 | -0.00338197 3.60765 
1.21191 0.299805 | -0.00463335 5.46224 
1.36426 0.430664 | -0.00959657 6.7296 
1.43652 0.272461 | -0.00806775 7.60951 
1.30176 0.147461 | -0.00335322 6.55993 
1.47949 0.0810547 | -0.0047883 8.10213 
1.65332 0.0322266 | -0.00587447 9.16277 
1.7998 0.143555 | -0.00973767 9.67016 
1.80176 0.43457 | -0.0150552 9.25496 
1.60059 0.422852 | -0.0128674 8.44513 
1.56934 0.700195 | -0.0160246 7.48632 
1.63184 0.561523 | -0.0151954 8.27045 
1.98535 0.614258 | -0.0186083 9.05523 
1.7666 0.680664 | -0.0179246 8.46344 
1.92871 0.84082 | -0.0204739 8.19726 
1.79199 0.981445 | -0.0203576 7.29145 
1.66504 0.868164 | -0.018537 7.33657 
1.50293 0.963867 | -0.0170833 5.96157 
1.32129 0.915039 | -0.0139666 4.70781 
1.47559 0.842773 | -0.0159761 6.31454 
1.41699 0.512695 | -0.0116451 6.98246 
1.31738 0.661133 | -0.0118061 5.67138 
1.2002 0.516602 | -0.00783357 4.89053 
1.09863 0.514648 | -0.00567284 3.69574 
1.0459 0.625977 | -0.00588547 2.69879 
1.04004 0.786133 | -0.00733205 2.05551 
1.13574 0.780273 | -0.00941185 3.29084 
1.14551 0.844727 | -0.0101183 3.14556 
1.16309 0.958008 | -0.0111625 2.84149 
1.0498 0.993164 | -0.0088427 1.26412 
0.979492 0.97168 | -0.00708231 0.407401 
0.969727 0.944336 | -0.00671063 0.399301 
0.959961 0.956055 | -0.00652794 0.203223 
0.938477 0.942383 | -0.00592192 -0.0454357 -194.702 -1.48799 
0.881836 0.944336 | -0.00447079 -0.912001 -166.105 -1.34613 
0.885742 0.885742 | -0.00423968 -0.583365 -174.42 -1.45975 
0.924805 0.893555 | -0.00529968 -0.0241899 -194.222 -1.45365 
0.956055 0.887695 | -0.00605066 0.461786 
0.983398 0.926758 | -0.00695219 0.675864 
0.946289 0.750977 | -0.00476587 0.879622 
0.90918 0.788086 | -0.0041411 0.184184 
0.907227 0.750977 | -0.00377115 0.297351 
0.875977 0.756836 | -0.00300568 -0.205812 -181.048 -1.08965 
0.916992 0.874023 | -0.0049763 -0.0549724 -192.666 -1.4246 
0.827148 0.817383 | -0.00218883 -1.22293 -138.181 -1.40469 
0.819336 0.762695 | -0.00152531 -1.13459 -137.054 -1.31084 
0.801758 0.786133 | -0.00123633 -1.51574 -119.337 -1.37137 
0.790039 0.766602 | -0.000741759 -1.6359 -110.705 -1.34829 
0.762695 0.768555 | 1.98982e-05 
0.754883 0.799805 | -1.48003e-05 -2.36531 -74.6484 -1.26159 
0.776367 0.817383 | -0.000768737 -2.06805 -93.0254 -1.30004 
0.766602 0.87207 | -0.00087831 -2.46565 -78.4384 -1.06285 
0.80957 0.895508 | -0.0022399 -1.84597 -115.315 -1.19483 
0.842773 0.93457 | -0.00337483 -1.48337 -139.133 -1.20015 
0.780273 0.981445 | -0.0018661 -2.73957 -80.2422 -0.595054 
0.733398 0.956055 | -0.000395705 -3.42593 -38.8044 -0.469329 
0.729492 0.885742 | 0.000111512 
0.713867 0.922852 | 0.00035402 
0.62793 0.983398 | 0.00268321 
0.551758 0.942383 | 0.00533069 
0.62207 0.868164 | 0.00349977 
0.557617 0.803711 | 0.00604466 
0.635742 0.776367 | 0.00376367 
0.709961 0.831055 | 0.00106337 
0.729492 0.72168 | 0.00141184 
0.657227 0.668945 | 0.00412169 
0.612305 0.733398 | 0.00488493 
0.610352 0.588867 | 0.00650465 
0.682617 0.504883 | 0.00535639 
0.711914 0.614258 | 0.00307494 
0.770508 0.540039 | 0.00228996 
0.850586 0.522461 | 0.000299775 
0.850586 0.581055 | -0.000459884 -0.0187328 -180.529 -0.328646 
0.790039 0.586914 | 0.00113864 
0.790039 0.643555 | 0.000476212 
0.766602 0.719727 | 0.000352937 
0.803711 0.72168 | -0.000715865 -1.2403 -127.523 -1.20469 
0.80957 0.692383 | -0.000590301 -1.03962 -135.628 -1.05072 
0.842773 0.725586 | -0.00182867 -0.616002 -160.031 -1.07788 
0.836914 0.649414 | -0.000888519 -0.448575 -162.984 -0.695632 
0.885742 0.62793 | -0.00195462 0.392244 
0.911133 0.670898 | -0.00308873 0.641184 
0.979492 0.725586 | -0.00535292 1.45162 
0.963867 0.56543 | -0.00319296 1.74537 
0.944336 0.442383 | -0.00099324 1.77167 
0.94043 0.383789 | 2.71767e-05 
0.875977 0.397461 | 0.00147107 
0.827148 0.467773 | 0.00170877 
0.782227 0.379883 | 0.00432674 
0.827148 0.350586 | 0.00356226 
0.78418 0.27832 | 0.00604041 
0.893555 0.295898 | 0.00274199 
0.977539 0.323242 | 0.00013115 
0.967773 0.237305 | 0.00195165 
0.928711 0.155273 | 0.00457629 
0.99707 0.0712891 | 0.00471028 
0.864258 0.0517578 | 0.00852667 
0.834961 0.149414 | 0.00717062 
0.682617 0.231445 | 0.00990549 
0.727539 0.0439453 | 0.012546 
0.614258 0.0302734 | 0.0163284 
0.618164 0.149414 | 0.0135594 
0.540039 0.366211 | 0.0120067 
0.743164 0.290039 | 0.007004 
0.737305 0.428711 | 0.00484364 
0.577148 0.399414 | 0.0102459 
0.31543 0.487305 | 0.0180954 
0.411133 0.291992 | 0.0177452 
0.461914 0.0986328 | 0.0198395 
0.301758 0.180664 | 0.0239237 
0.0810547 0.125977 | 0.0339346 
0.0771484 0.424805 | 0.0285743 
0.0830078 0.72168 | 0.0246045 
0.166992 0.518555 | 0.0234749 
0.430664 0.618164 | 0.0121908 
0.25293 0.68457 | 0.0180675 
0.413086 0.848633 | 0.0106652 
0.40918 0.973633 | 0.0100828 
0.28418 0.944336 | 0.0148573 
0.165039 0.827148 | 0.0203008 
0.000976563 1.00098 | 0.0262531 
0.192383 1.12793 | 0.0178572 
0.0751953 1.2998 | 0.0227476 
0.231445 1.47754 | 0.0170224 
0.344727 1.34863 | 0.0121413 
0.334961 1.47363 | 0.0130325 
0.450195 1.4873 | 0.0089436 
0.399414 1.30176 | 0.0100246 
0.420898 1.16113 | 0.00916713 
0.297852 1.19824 | 0.0136817 
0.293945 1.08496 | 0.0139628 
0.416992 1.07324 | 0.00945184 
0.606445 1.00879 | 0.00325978 
0.512695 1.2041 | 0.00597014 
0.606445 1.1748 | 0.00290051 
0.649414 1.2002 | 0.00154317 
0.666992 1.24512 | 0.00102149 
0.71582 1.19043 | -0.000471191 -4.99501 0.98143 
0.749023 1.1709 | -0.0014382 -4.29516 -32.0176 -0.0355235 
0.739258 1.1123 | -0.00108542 -4.13105 -28.681 -0.0770485 
0.682617 1.12207 | 0.000585236 
0.676758 1.01074 | 0.00106085 
0.741211 1.00098 | -0.000823241 -3.5087 -41.6511 -0.329789 
0.75293 1.03613 | -0.00129135 -3.48382 -49.1754 -0.258429 
0.87207 1.03418 | -0.00459106 -1.50872 -150.695 -0.851317 
0.916992 1.02832 | -0.00574417 -0.788787 -177.236 -1.15062 
0.987305 1.1123 | -0.0077168 -0.214942 -188.294 -1.09279 
0.924805 1.1709 | -0.0062303 -1.4556 -166.488 -0.434949 
0.823242 1.21777 | -0.00354222 -3.32381 -94.8641 -0.0600086 
0.795898 1.29199 | -0.00270036 -4.24159 -63.4873 -0.00939434 
0.891602 1.29395 | -0.00529268 -2.71731 -137.154 -0.0551868 
0.891602 1.42285 | -0.00488431 -3.59284 -124.263 -0.00482648 
0.829102 1.48535 | -0.00289212 -5.03653 -73.0072 -0.000250613 
0.811523 1.40723 | -0.0027919 -4.75958 -65.8526 -0.00106792 
0.766602 1.43848 | -0.00138498 -5.73742 -21.7978 -0.000191482 
0.735352 1.48145 | -0.000255935 -6.5932 11.9028 
0.694336 1.45996 | 0.00084604 
0.657227 1.4834 | 0.00210465 
0.65918 1.40723 | 0.0016707 
0.631836 1.38379 | 0.00242917 
0.71582 1.3916 | -0.000104995 -6.29359 21.0986 
0.735352 1.35645 | -0.000803298 -5.70636 -0.597209 -0.000555975 
0.719727 1.2998 | -0.000488296 -5.60637 8.31265 
0.713867 1.25684 | -0.000381789 -5.43616 9.41812 
0.661133 1.31152 | 0.0013055 
0.612305 1.3623 | 0.00297119 
0.50293 1.35059 | 0.00652724 
0.516602 1.48145 | 0.00663042 
0.52832 1.59668 | 0.00701868 
0.602539 1.63574 | 0.00491753 
0.682617 1.72363 | 0.00326642 
0.688477 1.63184 | 0.00221185 
0.643555 1.59277 | 0.00326793 
0.71582 1.54199 | 0.00069748 
0.811523 1.52246 | -0.00218152 -5.60358 -54.3292 -9.01864e-05 
0.762695 1.62012 | -7.65678e-05 -7.19336 0.0319973 
0.813477 1.61035 | -0.00159164 -6.25973 -47.2406 -7.11414e-05 
0.842773 1.55176 | -0.00284202 -5.3197 -77.414 -7.78811e-05 
0.913086 1.62012 | -0.00417354 -4.76599 -116.184 -6.26585e-05 
0.94043 1.71973 | -0.00393367 -5.1901 -117.651 -7.98582e-06 
0.844727 1.70996 | -0.00153174 -6.57837 -63.124 -5.327e-05 
0.823242 1.66699 | -0.00136456 -6.56354 -49.9422 -7.39652e-05 
0.756836 1.64941 | 0.000346955 
0.805664 1.7998 | 0.000539384 
0.790039 1.86816 | 0.00184433 
0.852539 1.85645 | -3.42857e-05 -7.75949 -54.4679 -6.85987e-05 
0.99707 1.8252 | -0.00412091 -5.31354 -117.455 -1.39612e-06 
0.96582 1.96387 | -0.00143307 -7.06921 -100.172 -2.3209e-07 
0.918945 1.98535 | 7.87819e-05 
0.874023 1.97754 | 0.00112781 
0.813477 1.93262 | 0.00209175 
0.657227 1.96582 | 0.00716631 
0.69043 1.7666 | 0.0034984 
0.579102 1.75293 | 0.00683043 
0.616211 1.91504 | 0.00769669 
0.286133 1.97168 | 0.0200838 
0.381836 1.79199 | 0.0140618 
0.448242 1.74902 | 0.0112008 
0.477539 1.5752 | 0.00857643 
0.317383 1.58105 | 0.0143945 
0.30957 1.67871 | 0.0155289 
0.235352 1.58105 | 0.0175505 
0.120117 1.63379 | 0.0226409 
0.241211 1.83691 | 0.0199251 
0.000976563 2.00098 | 0.0322727 
0.250977 2.00879 | 0.0220283 
0.397461 2.11816 | 0.0184217 
0.268555 2.22168 | 0.0252431 
0.299805 2.45996 | 0.0294824 
0.0400391 2.51074 | 0.0413348 
0.0419922 2.77051 | 0.0487349 
0.358398 2.76465 | 0.0358962 
0.483398 2.68066 | 0.0288909 
0.500977 2.50098 | 0.0232922 
0.516602 2.7998 | 0.0314321 
0.807617 2.78613 | 0.0220455 
0.87793 2.9502 | 0.0256105 
0.995117 2.69434 | 0.0143478 
0.842773 2.57324 | 0.0147786 
0.926758 2.52051 | 0.0111489 
0.999023 2.49902 | 0.00879807 
0.989258 2.37988 | 0.0060802 
0.887695 2.35449 | 0.00804996 
0.77832 2.36426 | 0.0112667 
0.75293 2.49707 | 0.015264 
0.59668 2.37207 | 0.0169438 
0.749023 2.24902 | 0.00955783 
0.618164 2.23926 | 0.0133226 
0.604492 2.12402 | 0.0114946 
0.647461 2.02637 | 0.0084326 
0.750977 2.00098 | 0.00491232 
0.750977 2.12988 | 0.00714351 
0.875977 2.12598 | 0.00360471 
0.944336 2.20215 | 0.00330994 
0.999023 2.12402 | 0.00046164 
0.936523 2.06152 | 0.000885957 
0.938477 2.00098 | -0.000169952 -7.83499 -88.8424 -2.43425e-06 
1.00098 2.00098 | -0.00170779 -6.94066 -99.8994 -2.40799e-09 
1.06348 2.06348 | -0.00212723 -6.73565 -81.872 -2.6712e-06 
1.06152 2.12402 | -0.00100052 -7.39493 -76.522 -2.14055e-06 
1.00098 2.12598 | 0.000450898 
1.06348 2.18848 | 0.000187714 
1.12402 2.18652 | -0.00119046 -7.28093 -38.0503 -2.98408e-05 
1.12598 2.12598 | -0.00239041 -6.60442 -42.8032 -3.74707e-05 
1.12598 2.18848 | -0.00119388 -7.27855 -36.5532 -3.15595e-05 
1.18848 2.18848 | -0.00249734 -6.54698 12.311 
1.24902 2.12402 | -0.00491824 -5.19512 61.4959 
1.18652 2.12402 | -0.00369046 -5.87413 4.16502 
1.18652 2.06152 | -0.00480643 -5.22014 -2.08498 -0.000199622 
1.18848 2.00098 | -0.00585257 -4.58317 -6.439 -0.000216565 
1.25098 2.00098 | -0.00707791 -3.90585 51.0319 
1.35449 2.02637 | -0.00852234 -3.15902 144.203 
1.38184 2.12207 | -0.00730394 -3.91161 172.736 
1.37012 2.22559 | -0.00509468 -5.13831 175.329 
1.25098 2.25098 | -0.00244803 -6.56332 76.0319 
1.35645 2.27441 | -0.0038405 -5.80853 170.459 
1.37598 2.37598 | -0.00188064 -6.81736 194.32 
1.43848 2.43848 | -0.00136258 -7.05506 232.782 
1.43652 2.49902 | 0.000203584 
1.37402 2.49902 | 0.00119699 
1.31543 2.43262 | 0.000518098 
1.24902 2.49902 | 0.00341818 
1.18652 2.44238 | 0.0032065 
1.2373 2.38379 | 0.000781388 
1.20996 2.34863 | 0.000495347 
1.24707 2.32715 | -0.000714614 -7.47588 79.9678 
1.20996 2.31152 | -0.000343383 -7.69231 43.8277 
1.15723 2.25098 | -0.000580718 -7.59965 -7.45728 -5.96962e-05 
1.15137 2.30566 | 0.000721238 
1.1377 2.34668 | 0.00193366 
1.08691 2.28613 | 0.00168645 
1.02637 2.35254 | 0.0045576 
1.00098 2.50098 | 0.00880197 
1.12402 2.51855 | 0.00646312 
1.1416 2.60645 | 0.00848296 
1.1377 2.72754 | 0.0121187 
1.00684 2.74512 | 0.0156103 
1.12598 2.88965 | 0.0175844 
1.25098 2.75098 | 0.0105617 
1.25879 2.87793 | 0.0145133 
1.37793 2.88965 | 0.0128071 
1.47949 2.8584 | 0.0101942 
1.49902 2.74902 | 0.00640842 
1.37012 2.74512 | 0.00826093 
1.37402 2.62402 | 0.0046008 
1.30371 2.55566 | 0.00391159 
1.37598 2.50098 | 0.00121555 
1.43848 2.56348 | 0.00188986 
1.49902 2.56152 | 0.000951142 
1.50098 2.50098 | -0.000688262 -7.36655 250.095 
1.62598 2.50098 | -0.00227957 -6.60869 205.508 
1.68848 2.56348 | -0.00129275 -7.10247 162.897 
1.68652 2.62402 | 0.000415009 
1.62598 2.62598 | 0.00112912 
1.69238 2.6709 | 0.00171217 
1.64746 2.74707 | 0.00448726 
1.50098 2.75098 | 0.00644162 
1.50098 2.87207 | 0.0103445 
1.63574 2.87988 | 0.00890393 
1.72363 2.86816 | 0.00759697 
1.75098 2.75098 | 0.0035715 
1.75293 2.8623 | 0.00713129 
1.88184 2.88184 | 0.006798 
1.98145 2.86816 | 0.00580537 
1.93457 2.79004 | 0.00348677 
1.99902 2.74902 | 0.00189865 
1.93848 2.68457 | 0.000223435 
1.87402 2.74902 | 0.00255734 
1.81152 2.68652 | 0.00110666 
1.78027 2.65527 | 0.000439912 
1.81348 2.62598 | -0.000671905 -7.48099 54.3475 
1.87402 2.62402 | -0.00115897 -7.32396 6.99158 
1.81152 2.56152 | -0.0024534 -6.6502 49.6028 
1.81348 2.50098 | -0.0040806 -5.87881 41.8475 
1.87598 2.50098 | -0.00452469 -5.74403 -6.61471 -0.00846608 
1.99902 2.49902 | -0.00522147 -5.6128 -50.0948 -0.0158946 
1.99902 2.37402 | -0.00831277 -4.08997 -62.5948 -0.0609969 
1.87402 2.37402 | -0.00765408 -4.20018 -18.0084 -0.0289306 
1.87402 2.31152 | -0.00908255 -3.46806 -24.2584 -0.0487496 
1.81152 2.31152 | -0.00863602 -3.60454 24.6028 
1.75098 2.37598 | -0.00665457 -4.54381 86.6773 
1.81543 2.43652 | -0.00573115 -5.07819 33.7104 
1.74902 2.49902 | -0.00359158 -6.05022 100.823 
1.62598 2.47559 | -0.00293378 -6.2928 202.969 
1.61816 2.37207 | -0.00537718 -5.07928 197.727 
1.64551 2.27441 | -0.00788173 -3.80507 168.997 
1.74902 2.24902 | -0.0094617 -3.08269 75.8227 
1.63184 2.22168 | -0.0088336 -3.28093 173.579 
1.62012 2.12207 | -0.0106352 -2.26012 171.474 
1.64746 2.02441 | -0.0126504 -1.10871 142.532 
1.75098 2.00098 | -0.0140681 -0.440412 49.1773 
1.81152 2.00098 | -0.0145752 -0.256458 -6.45187 -0.314727 
1.81348 2.06152 | -0.0135838 -0.866301 -2.09779 -0.214079 
1.81348 2.12402 | -0.0124678 -1.52029 4.15221 
1.75098 2.12598 | -0.0119095 -1.73008 61.6773 
1.81348 2.18848 | -0.0112351 -2.21518 10.5975 
1.87402 2.18652 | -0.0117051 -2.06242 -36.7584 -0.130105 
1.87598 2.12598 | -0.0128758 -1.40626 -44.1147 -0.20432 
1.99902 2.12402 | -0.0135579 -1.2787 -87.5948 -0.358164 
1.93652 2.06152 | -0.0143836 -0.652678 -82.0727 -0.382799 
1.93848 2.00098 | -0.0154004 -0.0360537 -88.8319 -0.455924 
1.96973 2.03223 | -0.0150437 -0.331226 -94.0708 -0.442865 
1.99902 1.99902 | -0.0157117 0.00975662 
1.96777 1.91699 | -0.0168199 0.80564 
1.91895 1.99512 | -0.015388 0.00314448 
1.77051 1.96191 | -0.0148502 0.0114923 
1.84082 1.93457 | -0.015814 0.467635 
1.78223 1.87207 | -0.0162379 0.90904 
1.83496 1.77637 | -0.0178455 1.92215 
1.98926 1.78223 | -0.018666 2.05837 
1.91699 1.64941 | -0.0196793 3.15073 
1.90527 1.53809 | -0.0204883 4.02342 
1.76465 1.5459 | -0.0194082 3.64084 
1.87207 1.72363 | -0.0186827 2.45907 
1.63379 1.66895 | -0.017095 2.10523 
1.68652 1.53223 | -0.0187597 3.44829 
1.53613 1.53613 | -0.016963 2.60648 
1.57129 1.6709 | -0.0163298 1.74391 
1.51465 1.72949 | -0.0149993 0.886266 
1.53027 1.81152 | -0.0142751 0.263714 
1.55176 1.8584 | -0.0139629 -0.029397 177.976 
1.61816 1.87402 | -0.0145716 0.2076 
1.57324 1.77051 | -0.015317 0.898518 
1.72559 1.79395 | -0.0167216 1.43146 
1.66113 1.8291 | -0.0156385 0.838531 
1.74902 1.88574 | -0.0157638 0.672516 
1.72754 1.94043 | -0.0147854 0.071311 
1.68066 1.96582 | -0.0139381 -0.369287 109.88 
1.60449 1.90723 | -0.013952 -0.180078 159.536 
1.42676 1.98535 | -0.0103532 -2.13604 182.934 
1.49902 1.83496 | -0.0135546 -0.160604 183.493 
1.35449 1.84082 | -0.0112447 -1.36516 125.648 
1.27051 1.91309 | -0.00877553 -2.84529 60.5965 
1.37012 1.96191 | -0.00980781 -2.37799 148.962 
1.2041 1.99316 | -0.00629077 -4.33075 6.66982 
1.24902 1.90332 | -0.00850984 -2.973 39.4256 
1.1748 1.9209 | -0.0067928 -3.95343 -26.1585 -0.00016907 
1.1084 1.9873 | -0.00438557 -5.39396 -67.7916 -2.36623e-05 
1.11621 1.87988 | -0.00613161 -4.25909 -73.7586 -3.8585e-05 
1.12402 1.7666 | -0.00771237 -3.13092 -80.0424 -0.00036708 
1.19238 1.77051 | -0.00909228 -2.36623 -26.0593 -0.0017651 
1.18066 1.71777 | -0.00942865 -2.03875 -41.5083 -0.00419427 
1.06543 1.65527 | -0.00755476 -2.91525 -121.967 -0.00129764 
1.08301 1.50488 | -0.00909375 -1.50109 -129.559 -0.0402765 
1.22168 1.57715 | -0.0115065 -0.425316 -18.8213 -0.106003 
1.22949 1.52832 | -0.0120032 0.0377989 
1.30371 1.53027 | -0.0133759 0.778863 
1.34863 1.61621 | -0.0135194 0.523272 
1.30371 1.60059 | -0.012862 0.228517 
1.25488 1.57129 | -0.012189 -0.0279262 11.7439 
1.2998 1.67676 | -0.0121235 -0.433469 63.8651 
1.35254 1.73145 | -0.0124938 -0.405908 113.246 
1.34277 1.65332 | -0.0130966 0.1667 
1.4209 1.64355 | -0.0144626 0.917941 
1.44629 1.73535 | -0.0139532 0.34225 
1.48145 1.61621 | -0.0156045 1.6023 
1.43066 1.58496 | -0.0150993 1.46875 
1.40332 1.43848 | -0.0155843 2.35456 
1.45215 1.25879 | -0.0168726 3.95431 
1.34082 1.27246 | -0.0150656 2.93462 
1.35059 1.40918 | -0.0148474 2.10679 
1.21973 1.41699 | -0.0124198 0.75237 
1.15723 1.42871 | -0.0111031 -0.0354475 -89.6838 -0.321702 
1.12988 1.45215 | -0.0104127 -0.529504 -107.535 -0.177288 
1.07129 1.49512 | -0.00888917 -1.57805 -135.682 -0.039087 
1.06543 1.33691 | -0.00944005 -0.533776 -153.803 -0.334399 
1.01855 1.25684 | -0.00850957 -0.638223 -173.296 -0.474747 
1.11816 1.30176 | -0.0106928 0.363326 
1.18066 1.30371 | -0.012002 1.08896 
1.2002 1.21191 | -0.0125025 1.88589 
1.15527 1.14551 | -0.0115558 1.76423 
1.10254 1.21582 | -0.0104533 0.711146 
1.07324 1.24121 | -0.00978718 0.184044 
1.0166 1.22363 | -0.0084901 -0.458974 -176.819 -0.629369 
1.00488 1.15918 | -0.00820029 -0.236037 -184.011 -0.926182 
1.05762 1.15332 | -0.00942783 0.507371 
1.08691 1.18066 | -0.0101067 0.725318 
1.10645 1.06738 | -0.0103655 1.60701 
1.12793 1.02246 | -0.0106915 2.10514 
1.25293 1.00488 | -0.0131499 3.59973 
1.26465 1.12598 | -0.0136964 3.07529 
1.38574 1.13965 | -0.0158334 4.13278 
1.52832 1.04199 | -0.0177388 5.74062 
1.71191 1.16309 | -0.0201041 6.04173 
1.58691 1.3584 | -0.0184904 4.20188 
1.60059 1.43652 | -0.0183476 3.73314 
1.69434 1.37988 | -0.0196195 4.59099 
1.7666 1.26074 | -0.0205848 5.64803 
1.80957 1.40918 | -0.0205381 4.7837 
1.89746 1.34277 | -0.0213809 5.41938 
1.75879 1.13965 | -0.0205169 6.34896 
2.00098 1.00098 | -0.0217078 7.49511 
2.16699 1.16699 | -0.0224782 6.40167 
2.0459 1.25293 | -0.0222345 6.06079 
2.13184 1.46582 | -0.0217469 4.50773 
2.35059 1.27637 | -0.0222149 5.07367 
2.30762 1.48926 | -0.0215475 3.79814 
2.42871 1.47363 | -0.0212282 3.29468 
2.41113 1.31934 | -0.0219118 4.47456 
2.4502 1.18066 | -0.0218703 5.10761 
2.28809 1.04395 | -0.0221789 6.6991 
2.61426 1.08301 | -0.020647 4.44751 
2.58105 1.22168 | -0.0210433 3.92413 
2.71191 1.24707 | -0.0198573 2.59244 
2.65137 1.04785 | -0.0202312 4.30863 
2.83105 1.08301 | -0.0183808 2.27154 
2.94043 1.04395 | -0.0167741 1.13372 
2.90332 1.09863 | -0.0174507 1.31593 
2.92871 1.1416 | -0.0171557 0.752254 
2.97168 1.18066 | -0.0165414 -0.0415956 -179.559 -0.00288819 
2.98535 1.24512 | -0.0163119 -0.618276 -174.85 -0.00977318 
2.8877 1.2002 | -0.0177708 0.926585 
2.83301 1.15332 | -0.0184712 1.85587 
2.75488 1.35645 | -0.0191763 1.44286 
2.8584 1.30176 | -0.0180616 0.646567 
2.90137 1.28027 | -0.0175164 0.260147 
2.9541 1.2666 | -0.016769 -0.332295 -167.136 -0.0136061 
2.92285 1.37988 | -0.0169513 -0.674462 -144.716 -0.0547953 
2.85449 1.44434 | -0.0176194 -0.2858 -97.0995 -0.0977782 
2.81934 1.40527 | -0.0182429 0.401132 
2.75098 1.39355 | -0.0190896 1.22858 
2.7041 1.43848 | -0.0193901 1.38419 
2.69434 1.3623 | -0.0197929 2.01238 
2.59082 1.37207 | -0.0206765 2.86947 
2.5166 1.39355 | -0.021123 3.2917 
2.50098 1.50098 | -0.0206883 2.62477 
2.53613 1.62793 | -0.0195389 1.37851 
2.56934 1.71777 | -0.018455 0.37214 
2.64746 1.65332 | -0.0184428 0.255179 
2.64355 1.70801 | -0.0179519 -0.169356 113.829 
2.70996 1.69824 | -0.0174169 -0.710376 57.1892 
2.72754 1.62207 | -0.0179356 -0.253566 33.3327 
2.71582 1.57715 | -0.0184169 0.223183 
2.68457 1.61621 | -0.0184196 0.215235 
2.67285 1.55176 | -0.0190268 0.836166 
2.75098 1.50098 | -0.0185584 0.451244 
2.78223 1.53223 | -0.0180064 -0.118451 -26.9149 -0.183657 
2.75098 1.56348 | -0.0181431 -0.0275766 5.4551 
2.81348 1.56348 | -0.0174153 -0.706593 -51.8769 -0.231563 
2.87598 1.50098 | -0.0170247 -0.961041 -106.595 -0.155995 
2.87598 1.62598 | -0.016116 -1.93821 -94.0952 -0.347333 
2.94824 1.69043 | -0.0144961 -3.38807 -123.084 -0.489528 
2.87402 1.74902 | -0.0149427 -2.95269 -80.4886 -0.605435 
2.81152 1.68652 | -0.0163933 -1.68431 -37.8714 -0.451321 
2.75098 1.68848 | -0.0170782 -1.04381 17.9551 
2.75098 1.75098 | -0.0164285 -1.58123 24.2051 
2.76074 1.81152 | -0.0156161 -2.22299 21.0638 
2.77051 1.84863 | -0.015038 -2.6664 15.6167 
2.80176 1.8252 | -0.0149702 -2.79234 -15.3781 -0.734596 
2.87402 1.77051 | -0.0147021 -3.14172 -78.3402 -0.652864 
2.95215 1.78613 | -0.0134072 -4.27142 -114.648 -0.705399 
2.90137 1.85254 | -0.0133228 -4.22186 -86.833 -0.830634 
2.96777 1.92285 | -0.0113801 -5.74746 -104.643 -0.952629 
2.87793 1.97754 | -0.0118584 -5.12916 -60.2247 -0.967315 
2.8252 1.90137 | -0.0136721 -3.76679 -28.0992 -0.873786 
2.80176 1.91699 | -0.0137381 -3.65114 -6.19838 -0.878183 
2.76074 1.8916 | -0.0145726 -2.96434 29.0716 
2.7998 1.99902 | -0.012518 -4.43251 3.75266 
2.6416 1.9541 | -0.0148632 -2.40498 139.875 
2.7041 1.91504 | -0.014846 -2.61121 84.1905 
2.72949 1.76855 | -0.0164638 -1.51501 46.1572 
2.6709 1.83887 | -0.016201 -1.57931 105.429 
2.55371 1.86621 | -0.0168105 -0.835996 178.168 
2.49902 1.99902 | -0.0152215 -1.71957 199.899 
2.37402 1.99902 | -0.0158128 -0.96172 155.303 
2.31152 1.93652 | -0.016951 -0.049244 100.189 
2.28027 1.90527 | -0.0174615 0.379324 
2.31348 1.87598 | -0.0178018 0.519366 
2.37402 1.87402 | -0.0176541 0.248608 
2.30176 1.82715 | -0.0184633 1.02148 
2.37012 1.75098 | -0.0191748 1.38391 
2.43848 1.82129 | -0.0180713 0.372115 
2.49902 1.74902 | -0.0185916 0.622956 
2.42871 1.71191 | -0.0193564 1.39703 
2.47949 1.64355 | -0.0197514 1.6502 
2.37988 1.61426 | -0.0204603 2.48327 
2.25879 1.62207 | -0.020684 2.95714 
2.24902 1.74902 | -0.0194617 1.92165 
2.2334 1.63184 | -0.020624 2.96448 
2.12598 1.61816 | -0.0206966 3.34365 
2.00488 1.63379 | -0.0202376 3.32667 
2.00098 1.75098 | -0.0190681 2.3352 
2.1377 1.75488 | -0.0193822 2.1693 
2.12598 1.87598 | -0.0178758 1.09157 
2.18848 1.93848 | -0.0170452 0.359081 
2.18652 1.99902 | -0.0161138 -0.231841 -8.36059 -0.377736 
2.12402 1.99902 | -0.0160579 -0.0970549 -56.8198 -0.392665 
2.00098 2.00098 | -0.0156883 -0.00977463 -99.8996 -0.458031 
2.08496 2.07129 | -0.0147762 -0.775723 -72.0059 -0.435649 
2.04004 2.15527 | -0.0131187 -1.62414 -79.753 -0.35272 
2.12402 2.24902 | -0.0114378 -2.75208 -31.8198 -0.289637 
2.13965 2.16699 | -0.0131128 -1.87507 -29.1778 -0.392405 
2.15332 2.22949 | -0.0118797 -2.58983 -12.6771 -0.332988 
2.18848 2.18848 | -0.0127278 -2.22026 12.2853 
2.23535 2.16699 | -0.0131368 -2.12429 52.8994 
2.24316 2.10449 | -0.0143003 -1.48283 53.9948 
2.19434 2.10449 | -0.0143186 -1.33449 9.03851 
2.12598 2.12402 | -0.013907 -1.3889 -43.0183 -0.417881 
2.14551 2.03418 | -0.0155117 -0.491749 -38.1482 -0.406529 
2.18848 2.00098 | -0.016083 -0.256458 -6.46474 -0.378914 
2.22168 2.04199 | -0.0154058 -0.765593 27.6357 
2.30566 2.08301 | -0.0145913 -1.49613 109.685 
2.44824 2.09277 | -0.0139133 -2.34454 201.409 
2.49707 2.2373 | -0.0108575 -4.22966 223.705 
2.2666 2.21777 | -0.012097 -2.78988 87.3813 
2.25098 2.36816 | -0.00882794 -4.45793 87.7229 
2.33301 2.27832 | -0.0106953 -3.74696 152.552 
2.39941 2.37793 | -0.00822716 -5.24423 208.809 
2.31348 2.45605 | -0.0065945 -5.76293 153.843 
2.26465 2.42676 | -0.00740886 -5.20926 106.448 
2.16504 2.4834 | -0.00601666 -5.60732 22.0054 
2.2002 2.41699 | -0.0076893 -4.88295 45.5099 
2.22949 2.27637 | -0.0109056 -3.32036 58.3488 
2.17871 2.36816 | -0.00884939 -4.24229 21.8416 
2.10254 2.31738 | -0.00991957 -3.49867 -38.1982 -0.177323 
2.08301 2.30176 | -0.0102244 -3.29307 -49.8858 -0.182382 
2.1084 2.44629 | -0.00688373 -5.04242 -21.9106 -0.0559893 
2.11621 2.6084 | -0.00259393 -7.10314 -0.925613 -0.00693604 
2.09668 2.51074 | -0.0052128 -5.82448 -22.0967 -0.0242407 
2.16309 2.50488 | -0.00545918 -5.8708 22.5751 
2.16699 2.61035 | -0.00259819 -7.22849 36.291 
2.24902 2.62598 | -0.00214188 -7.67003 111.663 
2.20215 2.66699 | -0.000979293 -8.0659 72.2646 
2.22949 2.71582 | 0.00048581 
2.15332 2.70801 | 0.000262666 
2.06348 2.69238 | -4.15489e-05 -8.15029 -18.9922 -0.00130616 
2.06348 2.66895 | -0.00073561 -7.83615 -21.336 -0.00195398 
2.02246 2.67871 | -0.000318938 -7.94223 -30.6387 -0.00137701 
2.00098 2.75098 | 0.00195139 
2.08105 2.83496 | 0.00437245 
2.0498 2.8916 | 0.00634074 
2.13965 2.91699 | 0.00701704 
2.12988 2.86426 | 0.0052467 
2.22363 2.7959 | 0.0029745 
2.34668 2.79785 | 0.00324645 
2.32715 2.94434 | 0.00808875 
2.49902 2.99902 | 0.010759 
2.46582 2.81152 | 0.00417668 
2.46191 2.71777 | 0.00122235 
2.45801 2.63184 | -0.00133278 -8.77315 257.988 
2.37598 2.63379 | -0.00163281 -8.32377 220.082 
2.40723 2.74902 | 0.00192416 
2.33301 2.74121 | 0.00143022 
2.2998 2.68652 | -0.000302871 -8.66771 164.815 
2.36035 2.58105 | -0.00316975 -7.55637 203.961 
2.40527 2.53613 | -0.00422612 -7.22053 227.81 
2.50879 2.59668 | -0.00203935 -8.65455 259.44 
2.72559 2.54395 | -0.0016757 -9.83522 127.341 
2.62988 2.58105 | -0.00157889 -9.40983 210.886 
2.67676 2.6416 | 0.000555131 
2.7041 2.6709 | 0.00167661 
2.62012 2.74121 | 0.0030183 
2.55566 2.66699 | 0.00028563 
2.54199 2.73535 | 0.00224263 
2.59277 2.75293 | 0.00315862 
2.5498 2.9248 | 0.00847315 
2.62793 2.90332 | 0.00834424 
2.70605 2.89551 | 0.00880838 
2.69043 2.78223 | 0.00493962 
2.82715 2.86035 | 0.00900082 
2.99902 2.99902 | 0.0162492 
2.9502 2.75684 | 0.00736531 
2.90332 2.64746 | 0.00339803 
2.77832 2.69629 | 0.00323335 
2.83301 2.61035 | 0.0013979 
2.75098 2.62207 | 0.000758591 
2.79004 2.56738 | -0.000321181 -10.8131 69.4271 
2.75684 2.50293 | -0.00242308 -9.63942 93.8802 
2.84473 2.54199 | -0.000333846 -11.1096 20.1252 
2.87793 2.50098 | -0.000978713 -10.9897 -7.88096 -0.0841856 
2.91699 2.52637 | 0.000233277 
2.94434 2.58301 | 0.00216747 
2.99902 2.49902 | 0.000759003 
2.95801 2.48535 | -0.000232955 -11.8159 -46.2652 -0.101478 
2.91699 2.44434 | -0.0018755 -10.7764 -35.6072 -0.150419 
2.97168 2.41699 | -0.0017344 -11.1613 -55.9263 -0.194188 
2.88965 2.33301 | -0.00490678 -9.10366 -32.0445 -0.356457 
2.86816 2.33887 | -0.00506538 -8.90984 -17.5043 -0.339616 
2.8252 2.28223 | -0.00687916 -7.7502 9.98673 
2.76465 2.26855 | -0.00789363 -6.92618 63.0972 
2.79199 2.40723 | -0.00442149 -8.84276 51.6315 
2.86426 2.40332 | -0.00360782 -9.62697 -8.31564 -0.210497 
2.86816 2.44043 | -0.00264891 -10.1233 -7.34803 -0.15293 
2.80957 2.47949 | -0.00241324 -9.92112 43.1347 
2.72754 2.47949 | -0.00334602 -9.04549 119.075 
2.70215 2.43457 | -0.00473683 -8.24153 137.905 
2.5166 2.46387 | -0.00552403 -7.02992 245.574 
2.54199 2.36621 | -0.00772993 -6.03735 231.436 
2.65332 2.29395 | -0.00847784 -6.11954 165.032 
2.69043 2.22949 | -0.00949625 -5.73696 127.815 
2.63184 2.24902 | -0.00963068 -5.4176 176.334 
2.58691 2.15723 | -0.0118401 -4.02621 193.918 
2.55566 2.00488 | -0.0147567 -2.19307 191.415 
2.71387 2.10059 | -0.0117489 -4.57009 93.8473 
2.75488 2.02637 | -0.0125922 -4.22269 48.0634 
2.80762 2.05176 | -0.0115531 -5.05376 2.07875 
2.82324 2.02051 | -0.0118834 -4.91257 -14.5408 -0.937855 
2.81543 2.05762 | -0.0113574 -5.20201 -4.15476 -0.910941 
2.83496 2.10254 | -0.0103225 -5.89306 -16.0447 -0.869119 
2.80566 2.08105 | -0.0110691 -5.33457 6.73393 
2.75488 2.09082 | -0.0114854 -4.8861 54.5087 
2.77051 2.22168 | -0.00880691 -6.46245 52.9214 
2.82715 2.23926 | -0.00776628 -7.2869 4.0558 
2.86426 2.21191 | -0.00784791 -7.4185 -27.4563 -0.654136 
2.84863 2.18066 | -0.00867573 -6.88947 -19.0308 -0.72356 
2.87598 2.18848 | -0.0081597 -7.30229 -37.8452 -0.715654 
2.99512 2.20801 | -0.00601709 -9.06504 -79.1276 -0.688208 
2.95996 2.08496 | -0.00889304 -7.26713 -86.7738 -0.939255 
2.90332 2.05371 | -0.0102652 -6.2109 -67.776 -0.958954 
3.00098 2.00098 | -0.00966873 -6.96778 -99.8997 -0.99999 
3.06738 2.05762 | -0.0076214 -8.49632 -81.0092 -0.964375 
3.00684 2.12012 | -0.007524 -8.27695 -87.8514 -0.886443 
3.05566 2.18848 | -0.00540753 -9.71265 -72.0837 -0.732966 
3.12598 2.12598 | -0.00535135 -10.1038 -42.8428 -0.847716 
3.12598 2.18848 | -0.00415481 -10.7779 -36.5928 -0.714024 
3.15723 2.21973 | -0.00293875 -11.6178 -10.6287 -0.62522 
3.18848 2.18848 | -0.00295828 -11.7824 12.2595 
3.24902 2.12402 | -0.00295731 -12.1124 61.4403 
3.18652 2.12402 | -0.00422952 -11.0553 4.11379 
3.15527 2.09277 | -0.00540408 -10.2177 -24.8542 -0.88633 
3.18652 2.06152 | -0.00534549 -10.4013 -2.13621 -0.902288 
3.18848 2.00098 | -0.00631351 -9.81863 -6.49049 -0.929193 
3.21973 2.03223 | -0.00517557 -10.6563 24.8222 
3.25098 2.00098 | -0.00503885 -10.8774 50.9763 
3.35449 2.02637 | -0.00234265 -13.006 144.159 
3.38184 2.12207 | -3.05016e-05 -14.5182 172.699 
3.44824 2.12793 | 0.00169162 
3.4502 2.20215 | 0.0031729 
3.37012 2.22559 | 0.00171001 
3.35645 2.18066 | 0.000490678 
3.29785 2.17871 | -0.000868468 -13.5643 112.253 
3.25098 2.25098 | -0.000408965 -13.5349 75.9763 
3.28223 2.28223 | 0.000924287 
3.25098 2.31348 | 0.000943818 
3.31348 2.31348 | 0.0022966 
3.37598 2.25098 | 0.00237473 
3.45215 2.31152 | 0.0055336 
3.37598 2.37598 | 0.00515842 
3.37598 2.49902 | 0.00820383 
3.24902 2.49902 | 0.00537912 
3.18066 2.42871 | 0.00221433 
3.23535 2.36621 | 0.00182001 
3.2373 2.30371 | 0.000441788 
3.21191 2.26855 | -0.000842208 -13.0654 41.2625 
3.17676 2.30762 | -0.000691283 -12.9291 14.1079 
3.12598 2.33105 | -0.00113283 -12.3889 -22.3349 -0.357902 
3.11816 2.35254 | -0.000786285 -12.5187 -25.2943 -0.311259 
3.00879 2.38965 | -0.00180597 -11.3431 -60.8084 -0.243368 
3.0752 2.38184 | -0.00087297 -12.2109 -45.4005 -0.255667 
3.07324 2.44043 | 0.000512177 
3.00098 2.50098 | 0.000841035 
3.04004 2.59277 | 0.00395483 
3.06348 2.50488 | 0.00198311 
3.22168 2.54395 | 0.00600018 
3.16895 2.58691 | 0.00612386 
3.18262 2.69043 | 0.00936917 
3.02441 2.70215 | 0.00686108 
3.05566 2.87207 | 0.0127798 
3.10449 2.93457 | 0.0157684 
3.2334 2.80371 | 0.013898 
3.31934 2.88379 | 0.0183806 
3.47754 2.78027 | 0.0187937 
3.36035 2.62207 | 0.011187 
3.38379 2.50684 | 0.00859177 
3.50098 2.50098 | 0.0113508 
3.67871 2.57324 | 0.0182238 
3.53027 2.68457 | 0.0172358 
3.59668 2.96191 | 0.0280506 
3.69824 2.76465 | 0.0244285 
3.96387 2.7959 | 0.0340812 
3.99707 2.53027 | 0.0274909 
3.87402 2.34277 | 0.0185829 
3.73926 2.40918 | 0.0158143 
3.58105 2.3623 | 0.0100826 
3.67871 2.29785 | 0.0114186 
3.69238 2.22949 | 0.0103706 
3.60254 2.19629 | 0.00709708 
3.62207 2.09277 | 0.00569328 
3.6416 2.02441 | 0.00507874 
3.77441 2.00293 | 0.00873476 
3.77832 2.11816 | 0.0108412 
3.86035 2.14746 | 0.0140445 
3.99902 1.99902 | 0.0162492 
3.86426 1.94434 | 0.0107379 
3.85254 1.82129 | 0.00866885 
3.90723 1.77441 | 0.00994574 
3.9541 1.69238 | 0.0106931 
3.95215 1.57715 | 0.00962265 
3.84082 1.5791 | 0.00586009 
3.75293 1.67285 | 0.00385179 
3.83691 1.7002 | 0.00679683 
3.71973 1.74902 | 0.00360996 
3.68066 1.66113 | 0.0015501 
3.74121 1.60059 | 0.002858 
3.72363 1.55371 | 0.00196568 
3.70996 1.50293 | 0.00121748 
3.65723 1.55371 | -1.37932e-05 -15.1073 87.984 
3.61035 1.59668 | -0.00103554 -14.382 125.067 
3.52441 1.62988 | -0.00311128 -12.7791 161.234 
3.5166 1.7666 | -0.00195523 -13.775 175.85 
3.51855 1.83105 | -0.00113184 -14.3958 182.093 
3.5791 1.83301 | 0.0005262 
3.64551 1.77246 | 0.00167204 
3.70996 1.8291 | 0.00425751 
3.65137 1.89355 | 0.00337485 
3.70801 1.96582 | 0.00610568 
3.60449 1.97559 | 0.00324132 
3.53223 1.91309 | 0.000333192 
3.52832 1.96582 | 0.00100916 
3.47168 1.96973 | -0.000403518 -14.7401 194.596 
3.44629 1.85254 | -0.00270956 -13.1058 176.777 
3.33887 1.84863 | -0.00532257 -10.992 114.296 
3.2959 1.78027 | -0.00712289 -9.58561 70.6473 
3.27832 1.91699 | -0.00573148 -10.5351 68.208 
3.37207 1.94824 | -0.00316385 -12.5626 148.887 
3.22559 1.99316 | -0.00569064 -10.3627 26.3563 
3.24316 1.90723 | -0.00661639 -9.82612 34.2405 
3.18848 1.90332 | -0.00778255 -8.86544 -16.2561 -0.864176 
3.18652 1.90723 | -0.00776602 -8.87043 -17.5659 -0.870427 
3.12012 1.96387 | -0.00819891 -8.35487 -62.909 -0.960999 
3.02441 1.93066 | -0.0103647 -6.60633 -105.178 -0.961928 
3.1123 1.83691 | -0.0101204 -7.02745 -80.5135 -0.795768 
3.02832 1.80176 | -0.0120177 -5.45918 -117.462 -0.741842 
3.16309 1.76465 | -0.0100364 -7.17919 -51.4721 -0.625039 
3.19824 1.8584 | -0.00820024 -8.60484 -12.1236 -0.790511 
3.20215 1.74902 | -0.00944272 -7.68355 -19.5588 -0.573852 
3.17676 1.64355 | -0.010992 -6.36956 -52.2984 -0.368259 
3.11426 1.71191 | -0.0115208 -5.94864 -91.8116 -0.525877 
3.11816 1.5752 | -0.012662 -4.88568 -103.029 -0.259203 
3.17676 1.50488 | -0.0120299 -5.27806 -66.1656 -0.155185 
3.19434 1.61621 | -0.0108806 -6.43617 -39.8157 -0.3138 
3.19629 1.55566 | -0.0113091 -5.98847 -44.1375 -0.217521 
3.25488 1.55371 | -0.0101211 -6.97068 9.9305 
3.33887 1.57715 | -0.00810741 -8.66686 87.1479 
3.25293 1.65137 | -0.00937607 -7.71915 17.856 
3.3252 1.69629 | -0.00737633 -9.38893 87.8525 
3.39355 1.65527 | -0.00618153 -10.3359 133.183 
3.49316 1.60059 | -0.00417258 -11.8876 159.918 
3.49707 1.43848 | -0.00510738 -10.7371 143.821 
3.43848 1.34473 | -0.0069523 -8.89027 123.386 
3.41895 1.25293 | -0.00761371 -7.90657 106.235 
3.32129 1.37402 | -0.00962427 -6.8435 52.327 
3.31152 1.26074 | -0.0101083 -5.91877 32.5851 
3.30176 1.31543 | -0.0102281 -6.09376 29.4274 
3.25293 1.42871 | -0.0108903 -6.00465 -4.40967 -0.0776535 
3.19824 1.49512 | -0.0116642 -5.55916 -48.4517 -0.141802 
3.12207 1.4541 | -0.0133522 -4.02937 -112.617 -0.107454 
3.12402 1.33301 | -0.0137849 -3.21608 -123.441 -0.031998 
3.16504 1.25098 | -0.013161 -3.33816 -101.261 -0.0101568 
3.20996 1.24902 | -0.0122758 -4.06685 -62.4761 -0.00950284 
3.1123 1.20605 | -0.0141766 -2.22824 -143.599 -0.00476731 
3.1123 1.09082 | -0.0140578 -1.56654 -155.123 -0.000180231 
3.16309 1.00098 | -0.0128286 -1.89911 -127.839 -2.3406e-12 
3.25293 1.02441 | -0.0111051 -3.52518 -44.8394 -8.4476e-07 
3.27246 1.12988 | -0.0109491 -4.43573 -15.9549 -0.000661737 
3.25879 1.20801 | -0.011289 -4.65203 -20.9618 -0.00441457 
3.32324 1.20605 | -0.0098829 -5.79593 37.1846 
3.39941 1.13965 | -0.00807764 -6.84672 84.9649 
3.45215 1.21582 | -0.00681874 -8.33954 114.839 
3.4834 1.10059 | -0.00593005 -8.30927 109.238 
3.53027 1.02832 | -0.00450899 -8.90567 100.136 
3.57715 1.09277 | -0.00341965 -10.259 92.0206 
3.64746 1.02832 | -0.00125383 -11.4917 42.9667 
3.68457 1.05566 | -0.000252181 -12.4929 15.5593 
3.71582 1.03027 | 0.000765183 
3.71191 1.08691 | 0.000486726 
3.74512 1.11621 | 0.00144408 
3.65918 1.10645 | -0.00112042 -12.1778 41.7149 
3.64746 1.1416 | -0.00151446 -12.1062 54.2948 
3.67871 1.1748 | -0.000627792 -13.0203 32.4929 
3.70215 1.14355 | 9.636e-05 
3.7002 1.21387 | 7.78275e-06 
3.74902 1.22949 | 0.00150343 
3.66309 1.24316 | -0.00107516 -13.071 52.2652 
3.62207 1.22363 | -0.00227158 -12.0148 80.3998 
3.53809 1.18262 | -0.00459224 -9.92499 113.999 
3.5166 1.2666 | -0.00512125 -9.98348 125.85 
3.52246 1.39355 | -0.00463634 -10.9514 137.871 
3.63965 1.40332 | -0.00136073 -13.593 86.2411 
3.65332 1.4502 | -0.000752624 -14.2401 80.6801 
3.66699 1.49707 | -9.68315e-05 -14.9007 74.4874 
3.71777 1.44629 | 0.00114295 
3.72559 1.36621 | 0.00105039 
3.71387 1.31738 | 0.000555726 
3.68066 1.34473 | -0.000366882 -14.1362 47.8213 
3.68652 1.28223 | -0.000334869 -13.8628 36.524 
3.62598 1.28027 | -0.00210147 -12.4575 83.4776 
3.71777 1.25098 | 0.000562348 
3.78027 1.25098 | 0.00249863 
3.81348 1.31738 | 0.00367085 
3.77246 1.37207 | 0.00252242 
3.78613 1.45996 | 0.00333397 
3.85059 1.38379 | 0.00508212 
3.98145 1.37793 | 0.00955206 
3.97559 1.28027 | 0.00909149 
3.87793 1.22363 | 0.00566007 
3.84863 1.13184 | 0.00472636 
3.85645 1.0166 | 0.00527446 
3.99902 0.999023 | 0.0102688 
3.96777 0.874023 | 0.00981284 
3.81934 0.864258 | 0.00484972 
3.80762 0.760742 | 0.0052738 
3.7627 0.911133 | 0.00275461 
3.8291 0.948242 | 0.00467354 
3.73145 0.973633 | 0.00146567 
3.7334 0.918945 | 0.00180303 
3.70801 0.889648 | 0.00120406 
3.66504 0.924805 | -0.000279281 -11.3906 18.8508 
3.59473 0.999023 | -0.00264346 -10.1559 74.1378 
3.56152 0.924805 | -0.00320521 -9.07118 81.431 
3.62012 0.860352 | -0.00117906 -10.0781 45.3404 
3.55957 0.811523 | -0.00250655 -8.53712 70.7858 
3.62207 0.762695 | -0.000364806 -9.72587 34.306 
3.6377 0.803711 | -0.000259872 -10.2402 27.6882 
3.6416 0.858398 | -0.000550933 -10.5564 30.3264 
3.67285 0.819336 | 0.000641969 
3.74316 0.770508 | 0.00315819 
3.71387 0.674805 | 0.00317624 
3.65527 0.723633 | 0.000947465 
3.62207 0.700195 | 0.000220887 
3.57715 0.723633 | -0.00126536 -8.5827 55.1065 
3.53809 0.688477 | -0.0019787 -7.61353 64.585 
3.52832 0.635742 | -0.00167178 -7.231 61.2145 
3.57129 0.643555 | -0.000599349 -8.18089 49.5797 
3.61816 0.665039 | 0.000473725 
3.56934 0.569336 | 0.000228181 
3.54199 0.602539 | -0.000920974 -7.41972 55.0761 
3.51074 0.584961 | -0.00153682 -6.70505 58.1578 
3.50684 0.530273 | -0.000936462 -6.47071 52.8911 
3.5752 0.50293 | 0.00127069 
3.6084 0.545898 | 0.00161435 
3.65137 0.59668 | 0.00220462 
3.71582 0.538086 | 0.00485841 
3.78223 0.575195 | 0.00643822 
3.81348 0.670898 | 0.00633255 
3.96387 0.651367 | 0.0116223 
3.99902 0.499023 | 0.0147785 
3.87402 0.375977 | 0.0123137 
3.98145 0.249023 | 0.018279 
3.84473 0.112305 | 0.0163821 
3.74902 0.249023 | 0.0105383 
3.74121 0.100586 | 0.0133404 
3.60059 0.104492 | 0.00911778 
3.52246 0.15332 | 0.00594441 
3.50098 0.250977 | 0.00343186 
3.62402 0.25293 | 0.00674785 
3.62598 0.375977 | 0.00462424 
3.69434 0.444336 | 0.00554068 
3.62402 0.499023 | 0.00269211 
3.56152 0.436523 | 0.00186643 
3.50098 0.438477 | 0.00022458 
3.53223 0.469727 | 0.000581269 
3.49902 0.499023 | -0.0007117 -6.22722 49.8992 
3.43457 0.428711 | -0.00130949 -4.75109 30.3542 
3.37402 0.499023 | -0.00380301 -3.73326 5.28344 
3.31152 0.499023 | -0.00523148 -2.56766 -43.5867 -0.130935 
3.31152 0.436523 | -0.00431619 -2.42148 -49.8367 -0.201773 
3.37402 0.374023 | -0.00189432 -3.46043 -7.21656 -0.265317 
3.31152 0.311523 | -0.00225125 -2.18771 -62.3367 -0.397303 
3.31348 0.250977 | -0.00109524 -2.13817 -66.6906 -0.507304 
3.34473 0.282227 | -0.00097293 -2.7567 -37.7148 -0.429634 
3.37598 0.250977 | 0.000335664 
3.43262 0.327148 | 0.00031215 
3.49902 0.249023 | 0.00341818 
3.49902 0.124023 | 0.00595187 
3.43066 0.0478516 | 0.0059198 
3.37402 0.124023 | 0.00286057 
3.31152 0.0478516 | 0.0031293 
3.25098 0.125977 | 8.07808e-05 
3.31348 0.188477 | 0.000130097 
3.34473 0.219727 | 0.000213349 
3.31152 0.249023 | -0.00110159 -2.10013 -68.5867 -0.51229 
3.24902 0.249023 | -0.00245193 -0.988779 -126.06 -0.552549 
3.21777 0.217773 | -0.00249368 -0.416981 -158.428 -0.634193 
3.18652 0.249023 | -0.00372415 0.0683165 
3.18652 0.186523 | -0.00249637 0.136371 
3.18848 0.125977 | -0.00119388 0.15146 
3.21973 0.157227 | -0.00122781 -0.393279 -162.678 -0.74895 
3.24902 0.124023 | 8.17574e-05 
3.18652 0.0615234 | 0.000193574 
3.15527 0.0302734 | 0.000308076 
3.12598 0.0634766 | -0.00100882 1.1856 
3.12402 0.124023 | -0.00238455 1.18774 
3.00488 0.100586 | -0.00393452 2.96228 
3.00098 0.250977 | -0.00707791 2.88451 
3.15527 0.268555 | -0.00469862 0.551247 
3.1748 0.297852 | -0.00485884 0.193725 
3.20215 0.270508 | -0.00381743 -0.218776 -167.41 -0.532857 
3.19043 0.334961 | -0.00520756 -0.121628 -171.383 -0.405662 
3.17285 0.360352 | -0.0059855 0.122723 
3.12988 0.37793 | -0.00709518 0.777401 
3.18066 0.379883 | -0.00615706 -0.0411081 -175.348 -0.324122 
3.20215 0.432617 | -0.00656822 -0.503733 -151.199 -0.233353 
3.19238 0.489258 | -0.00760022 -0.471883 -154.236 -0.160066 
3.15332 0.499023 | -0.00849812 0.140302 
3.09277 0.413086 | -0.00833722 1.28067 
3.00098 0.500977 | -0.011198 2.41454 
3.02441 0.637695 | -0.0125415 1.69569 
3.07324 0.706055 | -0.0124347 0.754767 
3.12793 0.641602 | -0.0107714 0.13597 
3.14746 0.692383 | -0.0109464 -0.342003 -170.885 -0.0230713 
3.21582 0.688477 | -0.00956453 -1.45041 -113.159 -0.0230219 
3.21973 0.616211 | -0.00869348 -1.28077 -116.779 -0.0521976 
3.27051 0.518555 | -0.00639645 -1.8819 -78.9117 -0.118699 
3.34277 0.581055 | -0.00560976 -3.36518 -9.3628 -0.0632349 
3.35449 0.538086 | -0.00479018 -3.46446 -4.66932 -0.0904407 
3.40527 0.526367 | -0.00343535 -4.4065 26.8177 
3.46191 0.583008 | -0.00276894 -5.69136 54.0151 
3.38379 0.655273 | -0.00551916 -4.37118 27.2557 
3.45605 0.698242 | -0.00420566 -5.94174 64.1295 
3.3584 0.74707 | -0.00702968 -4.2095 19.118 
3.37207 0.661133 | -0.00585873 -4.16619 20.1765 
3.30762 0.657227 | -0.00728581 -2.95391 -31.1933 -0.0303013 
3.28223 0.754883 | -0.00880656 -2.84202 -44.3877 -0.00826905 
3.31543 0.84082 | -0.00876807 -3.7838 -6.01423 -0.00141284 
3.35059 0.807617 | -0.00772188 -4.29785 19.3398 
3.37598 0.770508 | -0.00682616 -4.6322 33.7338 
3.4541 0.823242 | -0.00535283 -6.37773 76.1163 
3.38379 0.899414 | -0.00758292 -5.32009 51.6698 
3.46387 0.954102 | -0.00592174 -7.15707 91.5503 
3.34668 0.97168 | -0.00882996 -4.95447 32.7486 
3.35059 0.913086 | -0.00843832 -4.75155 29.8866 
3.28418 0.918945 | -0.00995563 -3.56336 -26.1806 -9.89884e-05 
3.23145 0.979492 | -0.011375 -2.92947 -69.5395 -4.30031e-07 
3.24121 0.844727 | -0.0103966 -2.48255 -73.848 -0.00139858 
3.12207 0.858398 | -0.0128309 -0.585465 -172.187 -0.00105968 
3.11426 0.811523 | -0.0126322 -0.268443 -181.851 -0.00333589 
3.0498 0.807617 | -0.0137387 0.715984 
3.01074 0.883789 | -0.0149271 0.952849 
3.0752 0.881836 | -0.013828 0.0278234 
3.07715 0.938477 | -0.0141222 -0.259129 -188.889 -3.8478e-05 
3.05566 0.993164 | -0.0147506 -0.205011 -191.615 -5.89889e-09 
2.99902 0.999023 | -0.0157117 0.573993 
2.88379 0.967773 | -0.017285 2.23435 
2.78418 0.899414 | -0.0181838 3.70723 
2.75488 0.793945 | -0.0177722 4.46685 
2.9209 0.821289 | -0.0158688 2.42445 
2.90527 0.709961 | -0.0151245 3.04878 
2.97559 0.540039 | -0.0121292 2.6614 
2.85449 0.586914 | -0.0144577 4.0683 
2.80566 0.686523 | -0.0161951 4.31411 
2.74121 0.649414 | -0.0165395 5.13042 
2.54004 0.59082 | -0.0176327 7.10204 
2.62207 0.782227 | -0.0189732 5.783 
2.70605 0.942383 | -0.0192754 4.31789 
2.42285 0.924805 | -0.021246 6.62015 
2.25879 0.780273 | -0.0207037 8.01285 
2.15918 0.975586 | -0.0219797 7.44462 
2.16895 0.758789 | -0.0205437 8.36239 
2.05566 0.749023 | -0.0202579 8.57589 
2.18652 0.598633 | -0.0188818 8.86249 
2.33887 0.72168 | -0.0200193 7.90051 
2.4541 0.524414 | -0.0172902 7.88047 
2.41699 0.336914 | -0.01458 8.50871 
2.25098 0.483398 | -0.0173388 8.97839 
2.20605 0.213867 | -0.0127751 9.5908 
2.3623 0.000976563 | -0.00786 9.08844 
2.4248 0.245117 | -0.0128766 8.59661 
2.53418 0.0634766 | -0.00846638 8.00834 
2.68848 0.198242 | -0.0100787 6.61008 
2.59082 0.334961 | -0.0134897 7.29542 
2.71191 0.46582 | -0.0144892 5.93793 
2.85059 0.30957 | -0.0103387 4.73613 
2.90527 0.487305 | -0.0124465 3.71522 
2.91699 0.360352 | -0.0103091 3.83596 
2.9873 0.198242 | -0.00626633 3.13251 
2.8252 0.19043 | -0.00839899 5.18054 
2.85449 0.0927734 | -0.00595689 4.90795 
2.9248 0.00683594 | -0.00301018 4.06055 
2.99902 -0.000976563 | -0.00169217 3.06911 
2.90332 -0.0224609 | -0.0026093 4.33216 
2.86621 -0.102539 | -0.00109555 4.76315 
2.77832 -0.172852 | -0.000308242 5.71848 
2.87402 -0.198242 | 0.00159389 
2.9209 -0.135742 | 0.000539017 
2.9502 -0.219727 | 0.00328417 
2.95215 -0.317383 | 0.00618178 
2.93457 -0.428711 | 0.00942293 
2.80176 -0.424805 | 0.00752103 
2.7959 -0.268555 | 0.00261748 
2.66309 -0.27832 | 0.0014988 
2.70215 -0.358398 | 0.00430759 
2.68457 -0.422852 | 0.00618456 
2.53613 -0.395508 | 0.0040863 
2.61426 -0.338867 | 0.00289722 
2.53027 -0.299805 | 0.00108495 
2.54004 -0.137695 | -0.00344945 7.92731 
2.57324 -0.249023 | -0.000110213 7.56298 
2.63379 -0.147461 | -0.00246176 7.15613 
2.49902 -0.000976563 | -0.0071824 8.27066 
2.26465 -0.0146484 | -0.0077045 9.51308 
2.24902 -0.250977 | -0.00142264 9.41188 
2.12402 -0.250977 | -0.00138895 9.73571 
2.12402 -0.375977 | 0.00239475 
2.06152 -0.428711 | 0.00421875 
2.11035 -0.487305 | 0.00605034 
2.25098 -0.499023 | 0.00639279 
2.31738 -0.418945 | 0.00384763 
2.2627 -0.364258 | 0.00200833 
2.31543 -0.303711 | 0.000244706 
2.37402 -0.37207 | 0.00251689 
2.42676 -0.303711 | 0.000625657 
2.49902 -0.358398 | 0.00268021 
2.49902 -0.500977 | 0.00732736 
2.49121 -0.56543 | 0.00951546 
2.41504 -0.657227 | 0.0124553 
2.27246 -0.686523 | 0.0131422 
2.32129 -0.522461 | 0.00731583 
2.1416 -0.616211 | 0.0105203 
2.00488 -0.575195 | 0.00939389 
2.0459 -0.71582 | 0.0144411 
2.19434 -0.686523 | 0.01309 
2.00098 -0.786133 | 0.0173433 
2.16895 -0.895508 | 0.0214212 
2.30566 -0.750977 | 0.0156747 
2.41113 -0.928711 | 0.0232599 
2.69824 -0.911133 | 0.0245513 
2.55371 -0.862305 | 0.0212821 
2.60059 -0.520508 | 0.00870616 
2.71582 -0.506836 | 0.0092936 
2.63379 -0.727539 | 0.0165358 
2.84863 -0.524414 | 0.0114433 
2.88965 -0.713867 | 0.018885 
2.77441 -0.870117 | 0.0236534 
3.00098 -0.999023 | 0.0322727 
3.25098 -0.950195 | 0.0347789 
3.28027 -0.643555 | 0.0231568 
3.47363 -0.604492 | 0.0262833 
3.16504 -0.504883 | 0.0158793 
3.10645 -0.68457 | 0.0212325 
3.04004 -0.489258 | 0.0130926 
3.14746 -0.452148 | 0.0137728 
3.14941 -0.317383 | 0.00953838 
3.08301 -0.256836 | 0.00652074 
3.02637 -0.243164 | 0.00515605 
3.06348 -0.163086 | 0.00353595 
3.00098 -0.12793 | 0.00154961 
3.0459 -0.0595703 | 0.000520615 
3.11621 -0.106445 | 0.00296242 
3.1748 -0.0419922 | 0.00242789 
3.21582 -0.114258 | 0.00509165 
3.24512 -0.233398 | 0.00896901 
3.2666 -0.182617 | 0.00799269 
3.31934 -0.0888672 | 0.00664092 
3.47949 -0.0927734 | 0.0105836 
3.46582 -0.223633 | 0.0137903 
3.31738 -0.319336 | 0.0130693 
3.50098 -0.499023 | 0.0232922 
3.64746 -0.387695 | 0.0236592 
3.55566 -0.270508 | 0.0175022 
3.56934 -0.0673828 | 0.0123134 
3.71777 -0.227539 | 0.020915 
3.84668 -0.0341797 | 0.0198475 
3.90332 -0.237305 | 0.0271714 
3.99902 -0.500977 | 0.0387981 
3.75098 -0.50293 | 0.030555 
3.74902 -0.750977 | 0.0395578 
3.75098 -0.999023 | 0.0499123 
3.87598 -0.874023 | 0.0486047 
0.938477 0.942383 | -0.00592192 -0.0454357 -194.702 -1.48799 
0.941176 0.941176