452 4
6.10352e-05 -0.499939 | 0.0547952 
0.500061 -0.499939 | 0.0352958 
1.00006 -0.999939 | 0.0402958 
1.82135 -0.871399 | 0.0218407 
1.56573 -0.511902 | 0.010829 
1.73419 -0.374573 | 0.00446257 
1.92792 -0.378601 | 0.0031601 
1.89325 -0.240417 | -0.000811016 9.77636 
1.6629 -0.0159302 | -0.0048304 9.21024 
1.60028 -0.0516968 | -0.00323592 8.88377 
1.32733 -0.2005 | 0.00472952 
1.19916 -0.493713 | 0.0162035 
1.00006 6.10352e-05 | 0.00629707 
1.12836 0.1203 | 0.000641703 
1.03412 0.198792 | 0.00111698 
1.03436 0.372131 | -0.00205923 3.17841 
1.09833 0.445618 | -0.00467225 3.85764 
1.14703 0.266052 | -0.00269004 4.7706 
1.39752 0.0682983 | -0.0032528 7.46765 
1.53217 0.294006 | -0.00983173 8.26398 
1.95844 0.687805 | -0.019293 8.80531 
1.53253 0.798279 | -0.0164311 6.88933 
1.3382 0.579407 | -0.0112216 6.11916 
1.13666 0.794983 | -0.00955264 3.2439 
1.10834 0.966614 | -0.010038 2.14288 
0.993591 0.797913 | -0.00632904 1.3746 
0.917786 0.806458 | -0.00451051 0.240816 
0.897522 0.756042 | -0.00356453 0.13032 
0.901794 0.796326 | -0.00401709 0.0392783 
0.885803 0.832947 | -0.00388159 -0.355573 -179.737 -1.3795 
0.921936 0.830505 | -0.00480026 0.204667 
0.929138 0.860779 | -0.00519839 0.184142 
0.892395 0.874207 | -0.00434028 -0.429959 -179.597 -1.45456 
0.88324 0.843811 | -0.00389272 -0.440831 -177.048 -1.41277 
0.849792 0.844788 | -0.00300764 -0.971508 -153.551 -1.42944 
0.860046 0.795959 | -0.00291276 -0.608144 -166.07 -1.32456 
0.808899 0.77655 | -0.00135528 -1.35981 -126.622 -1.35771 
0.79071 0.814514 | -0.00115304 -1.81401 -106.526 -1.34867 
0.762634 0.937195 | -0.00114913 -2.82829 -68.2029 -0.715235 
0.867859 0.892395 | -0.00380779 -0.891919 -161.98 -1.42853 
0.790222 0.965149 | -0.00207371 -2.49241 -91.0172 -0.73381 
0.713928 0.957092 | 0.000174135 
0.714905 0.883484 | 0.000556902 
0.53363 0.942932 | 0.00592872 
0.526306 0.662659 | 0.00839987 
0.721497 0.578796 | 0.00321866 
0.801941 0.609924 | 0.000527585 
0.76593 0.707947 | 0.000486726 
0.766541 0.741882 | 0.000146779 
0.803528 0.746887 | -0.000945543 -1.33589 -124.839 -1.29351 
0.833923 0.715515 | -0.00149109 -0.722507 -153.952 -1.06492 
0.853455 0.682678 | -0.00169194 -0.294057 -172.533 -0.794196 
0.876404 0.732483 | -0.00279521 -0.10847 -183.766 -0.955121 
0.907288 0.715149 | -0.00343814 0.429597 
0.9505 0.743958 | -0.00480776 0.967365 
0.941833 0.666321 | -0.00382204 1.11423 
0.974426 0.558777 | -0.00336802 1.91524 
0.896179 0.499573 | -0.00059453 0.914815 
0.796448 0.457703 | 0.00270964 
0.859924 0.380798 | 0.00216894 
0.827576 0.065979 | 0.00919552 
0.5755 0.0128784 | 0.0179826 
0.705994 0.467834 | 0.00518121 
0.437805 0.16925 | 0.0191778 
0.179504 0.358948 | 0.0253977 
6.10352e-05 1.00006 | 0.0262971 
0.332336 1.37616 | 0.012692 
0.502014 1.16302 | 0.00634523 
0.684998 1.15668 | 0.000471093 
0.652649 1.21967 | 0.00144682 
0.716003 1.24652 | -0.000455899 -5.33348 6.42193 
0.746033 1.09552 | -0.00125063 -3.92009 -36.7372 -0.109653 
0.748596 1.00458 | -0.00105237 -3.39802 -48.247 -0.346125 
0.824158 1.02423 | -0.00326163 -2.22405 -114.99 -0.624283 
0.910706 1.10895 | -0.00579429 -1.31443 -166.122 -0.665767 
0.954651 1.24213 | -0.00697331 -1.44577 -169.745 -0.28021 
0.818665 1.33112 | -0.00324721 -4.12102 -79.6378 -0.00686157 
0.981506 1.41144 | -0.00720567 -2.18407 -157.847 -0.0354988 
0.863464 1.4201 | -0.00415226 -4.01198 -106.115 -0.00272206 
0.760437 1.45221 | -0.00114049 -5.94253 -14.6361 -0.000142797 
0.703674 1.48383 | 0.000695476 
0.651184 1.36908 | 0.00177419 
0.517761 1.46259 | 0.00648878 
0.628723 1.6037 | 0.00381884 
0.706726 1.51971 | 0.000820843 
0.770203 1.5412 | -0.000892629 -6.44102 -14.8966 -0.000109289 
0.877991 1.5611 | -0.00371901 -4.83495 -101.947 -0.000123683 
0.92218 1.71832 | -0.00348518 -5.44891 -110.602 -7.40325e-06 
0.869934 1.68561 | -0.0024511 -5.97158 -84.0938 -2.54526e-05 
0.757263 1.65326 | 0.000369335 
0.825134 1.83368 | 0.000418051 
0.871887 1.76471 | -0.0016722 -6.62327 -77.518 -3.03621e-05 
0.99054 1.81134 | -0.00413468 -5.27885 -118.602 -1.78367e-06 
0.954041 1.89716 | -0.00211559 -6.59544 -104.08 -7.20851e-07 
0.954407 1.98053 | -0.000892707 -7.39837 -95.8403 -7.32749e-07 
0.817932 1.9566 | 0.00232561 
0.727356 1.99615 | 0.00552543 
0.629089 1.8183 | 0.00600053 
0.375427 1.65936 | 0.0129008 
6.10352e-05 2.00006 | 0.0322983 
0.500061 2.50006 | 0.0232995 
0.839539 2.8714 | 0.0239443 
0.999939 2.49994 | 0.00879988 
0.754822 2.49799 | 0.0152331 
0.749939 2.24994 | 0.00955049 
0.750061 2.00006 | 0.00492421 
0.875061 2.12506 | 0.00361201 
0.999939 2.12494 | 0.000456586 
0.937439 2.06244 | 0.000878613 
1.00006 2.00006 | -0.00170049 -6.94421 -99.9939 -2.40784e-09 
1.12506 2.12506 | -0.00238768 -6.60581 -43.5069 -3.6465e-05 
1.18756 2.18756 | -0.00249691 -6.54729 11.4212 
1.24994 2.12494 | -0.00491872 -5.1953 62.4503 
1.25006 2.00006 | -0.00707518 -3.90622 50.0775 
1.37799 2.1098 | -0.00746561 -3.81494 169.028 
1.25006 2.25006 | -0.00244988 -6.56255 75.0775 
1.37506 2.37506 | -0.00188707 -6.81443 193.62 
1.37494 2.49994 | 0.00120567 
1.24994 2.49994 | 0.00342457 
1.00006 2.50006 | 0.00880012 
1.25006 2.75006 | 0.0105507 
1.49994 2.74994 | 0.00642396 
1.37494 2.62494 | 0.00461177 
1.37506 2.50006 | 0.00120683 
1.50006 2.50006 | -0.000699268 -7.36145 250.006 
1.62506 2.50006 | -0.00229286 -6.60201 206.029 
1.62506 2.62506 | 0.00111354 
1.50006 2.75006 | 0.00642604 
1.75006 2.75006 | 0.00355134 
1.88495 2.88287 | 0.00681321 
1.99994 2.74994 | 0.00192335 
1.87494 2.74994 | 0.00257975 
1.81244 2.68744 | 0.00112678 
1.81256 2.62506 | -0.000690921 -7.47135 55.0521 
1.87494 2.62494 | -0.00113884 -7.33437 6.47102 
1.81244 2.56244 | -0.00243557 -6.65953 48.8961 
1.87506 2.50006 | -0.00454256 -5.73416 -6.09812 -0.00851566 
1.99994 2.49994 | -0.00520134 -5.62424 -50.0061 -0.0157991 
1.87494 2.37494 | -0.00763854 -4.20945 -18.529 -0.0288504 
1.81244 2.31244 | -0.00862276 -3.61273 23.8961 
1.75006 2.37506 | -0.00666786 -4.5361 87.4486 
1.74994 2.49994 | -0.00357604 -6.05848 100.051 
1.61847 2.37164 | -0.00539074 -5.0726 197.49 
1.74994 2.24994 | -0.00945073 -3.0898 75.0514 
1.62115 2.11041 | -0.0108609 -2.1313 169.636 
1.75006 2.00006 | -0.0140746 -0.434426 49.9486 
1.75006 2.12506 | -0.0119182 -1.72353 62.4486 
1.81256 2.18756 | -0.0112461 -2.20754 11.3021 
1.87506 2.12506 | -0.0128868 -1.39811 -43.5981 -0.204441 
1.99994 2.12494 | -0.0135446 -1.28841 -87.5061 -0.357773 
1.93744 2.06244 | -0.0143726 -0.661316 -82.314 -0.382455 
1.93756 2.00006 | -0.0154103 -0.0276841 -88.5958 -0.456321 
1.99994 1.99994 | -0.0157007 0.000610316 
1.79083 1.96503 | -0.0149732 0.042847 
1.92682 1.7774 | -0.0184198 2.06489 
1.76813 1.58087 | -0.0191842 3.37875 
1.60223 1.51593 | -0.0179286 3.15615 
1.74261 1.85443 | -0.0161252 0.942663 
1.5976 1.87909 | -0.0142595 0.0480468 
1.46295 1.96991 | -0.01114 -1.70428 192.947 
1.47186 1.8681 | -0.0127345 -0.661529 184.474 
1.30731 1.83307 | -0.0105233 -1.73241 86.1739 
1.21259 1.9245 | -0.00750113 -3.56495 7.52599 
1.185 1.97736 | -0.00615488 -4.38754 -11.8243 -0.000202402 
1.02032 1.99554 | -0.00225475 -6.62052 -99.2215 -3.54693e-08 
1.07281 1.8338 | -0.0057775 -4.37701 -101.185 -1.5857e-05 
1.20428 1.76752 | -0.00936475 -2.20726 -15.7294 -0.00244688 
1.01019 1.67963 | -0.00604317 -3.85646 -131.729 -0.000171728 
1.13812 1.59027 | -0.00970105 -1.48097 -87.9302 -0.0230477 
1.21698 1.54095 | -0.0116742 -0.194133 -26.7879 -0.164019 
1.33331 1.55487 | -0.0137292 0.869335 
1.3161 1.60419 | -0.0130536 0.31842 
1.2569 1.64471 | -0.0116279 -0.59745 20.9833 
1.32172 1.74017 | -0.0118683 -0.76543 89.3548 
1.43268 1.68121 | -0.0142965 0.698707 
1.48517 1.69598 | -0.0149302 0.968461 
1.48248 1.54572 | -0.0161565 2.16702 
1.36469 1.32562 | -0.0153647 2.80386 
1.21259 1.4245 | -0.0122461 0.621297 
1.09467 1.49677 | -0.00940166 -1.29264 -124.552 -0.0557993 
1.02448 1.42389 | -0.00818015 -1.67732 -155.838 -0.0592353 
1.00226 1.25665 | -0.00812205 -0.861055 -174.319 -0.404519 
1.12286 1.26764 | -0.010852 0.639894 
1.1347 1.29144 | -0.0110678 0.630882 
1.23553 1.28827 | -0.0131202 1.79252 
1.16412 1.22137 | -0.011765 1.4186 
1.14032 1.04291 | -0.011024 2.14857 
1.35443 1.24261 | -0.015332 3.24561 
1.62994 1.13702 | -0.0192107 5.81696 
1.65216 1.47491 | -0.0187429 3.72134 
2.00006 1.00006 | -0.0217005 7.49969 
2.33075 1.32159 | -0.0221812 4.87378 
2.51666 1.08185 | -0.0213576 5.22026 
2.97174 1.01349 | -0.0161963 0.874601 
2.89423 1.23273 | -0.0176698 0.647903 
2.84235 1.36188 | -0.0181119 0.435814 
2.89056 1.27106 | -0.0176807 0.453367 
2.95209 1.30878 | -0.0167253 -0.577176 -162.367 -0.0243751 
2.9704 1.4184 | -0.0160879 -1.56901 -155.567 -0.0806452 
2.85712 1.42059 | -0.0176954 -0.146942 -101.421 -0.0792172 
2.76776 1.43207 | -0.0187379 0.779501 
2.69708 1.46747 | -0.0193137 1.24187 
2.58966 1.36957 | -0.0206941 2.89613 
2.50006 1.50006 | -0.0206993 2.63801 
2.52618 1.63934 | -0.0195058 1.35868 
2.57013 1.72748 | -0.0183477 0.282275 
2.6817 1.64801 | -0.0181725 -0.0170469 77.2367 
2.73566 1.59882 | -0.0180402 -0.148801 23.4088 
2.66437 1.59418 | -0.0187899 0.581328 
2.67596 1.53412 | -0.0191182 0.94309 
2.75006 1.50006 | -0.018574 0.467656 
2.81256 1.56256 | -0.0174332 -0.6891 -51.1723 -0.230061 
2.87506 1.50006 | -0.0170426 -0.94304 -106.078 -0.15486 
2.87506 1.62506 | -0.0161362 -1.91964 -93.5785 -0.345462 
2.87494 1.74994 | -0.0149202 -2.97181 -81.0093 -0.607735 
2.81244 1.68744 | -0.0163732 -1.70236 -38.5782 -0.453494 
2.75006 1.68756 | -0.0170972 -1.02654 18.7264 
2.75006 1.75006 | -0.0164487 -1.56367 24.9764 
2.75604 1.79669 | -0.0158478 -2.0397 24.0036 
2.79095 1.83441 | -0.0149829 -2.75717 -4.70508 -0.74567 
2.84344 1.76215 | -0.0151997 -2.70317 -56.8563 -0.623946 
2.91876 1.83185 | -0.0133415 -4.25114 -97.6793 -0.795908 
2.99689 1.87811 | -0.0115513 -5.71955 -112.159 -0.891805 
2.9256 1.97101 | -0.0112905 -5.66171 -86.7904 -0.982555 
2.86432 1.93463 | -0.01269 -4.54482 -55.2279 -0.932854 
2.81537 1.93134 | -0.0133647 -3.94199 -16.7302 -0.902008 
2.79095 1.89227 | -0.0142153 -3.29625 1.08106 
2.77509 1.93524 | -0.013787 -3.53483 20.0076 
2.63751 1.83368 | -0.0165703 -1.22832 130.795 
2.49994 1.99994 | -0.0152013 -1.73508 199.994 
2.37494 1.99994 | -0.0157949 -0.975634 156.007 
2.31244 1.93744 | -0.0169354 -0.0620779 101.079 
2.37494 1.87494 | -0.0176385 0.235265 
2.37189 1.75739 | -0.0190978 1.31858 
2.49994 1.74994 | -0.018576 0.608597 
2.40375 1.59784 | -0.0205021 2.48525 
2.24994 1.74994 | -0.0194507 1.91047 
2.13263 1.61774 | -0.0207096 3.33516 
2.00006 1.75006 | -0.0190746 2.34322 
2.12506 1.87506 | -0.0178868 1.10175 
2.18756 1.93756 | -0.0170585 0.370343 
2.18744 1.99994 | -0.0160994 -0.243371 -7.47299 -0.378289 
2.12494 1.99994 | -0.0160446 -0.107791 -56.1202 -0.392942 
2.00006 2.00006 | -0.0156993 -0.000610387 -99.9939 -0.458304 
2.02582 2.20636 | -0.012069 -2.17469 -77.396 -0.264325 
2.08429 2.13788 | -0.01357 -1.47565 -65.6677 -0.400541 
2.12506 2.18756 | -0.0126911 -2.07217 -37.2766 -0.368204 
2.20038 2.22821 | -0.0119278 -2.69113 26.7959 
2.41266 2.05157 | -0.014796 -1.70495 183.122 
2.27448 2.15778 | -0.0132712 -2.16316 88.7396 
2.45636 2.40082 | -0.00742316 -5.8561 234.473 
2.21234 2.42657 | -0.00745362 -5.03378 57.4828 
2.18744 2.31244 | -0.0101232 -3.61242 23.777 
2.16571 2.32538 | -0.00982348 -3.70916 6.74875 
2.07343 2.33734 | -0.00940434 -3.69535 -50.5881 -0.131771 
2.10321 2.42462 | -0.00740934 -4.77095 -27.0932 -0.0684664 
2.09918 2.58136 | -0.00331681 -6.72686 -13.6737 -0.00937996 
2.23907 2.52484 | -0.00493269 -6.33398 92.1818 
2.12506 2.62506 | -0.00213585 -7.33598 6.4734 
2.22821 2.63788 | -0.0018171 -7.75767 93.3026 
2.23907 2.72516 | 0.000776359 
2.09918 2.66864 | -0.000829319 -7.87241 -4.94568 -0.00235767 
2.04071 2.73712 | 0.00138116 
2.10321 2.82538 | 0.00401223 
2.3526 2.98016 | 0.00942269 
2.44525 2.69464 | 0.000441003 
2.40485 2.70343 | 0.000522643 
2.27155 2.69708 | -3.62518e-05 -8.6977 139.938 
2.28998 2.50409 | -0.00541255 -6.2601 137.678 
2.70441 2.50372 | -0.0029588 -9.11733 142.783 
2.65289 2.60126 | -0.000813658 -9.87655 196.094 
2.73383 2.71429 | 0.00328057 
2.55402 2.74664 | 0.00267432 
2.80157 2.91266 | 0.0104509 
2.99994 2.74994 | 0.00792213 
2.77179 2.70038 | 0.00328079 
2.83734 2.57343 | 0.00042501 
2.81244 2.56244 | -0.000186786 -10.999 48.9218 
2.83734 2.55157 | -0.000170419 -11.1454 26.936 
2.89825 2.55426 | 0.0007158 
2.95709 2.58478 | 0.00240798 
2.966 2.53546 | 0.00120218 
2.96552 2.47504 | -0.000382682 -11.7883 -48.9817 -0.11292 
2.93695 2.27972 | -0.005411 -9.08922 -60.3978 -0.494935 
2.8703 2.27374 | -0.00647774 -8.18464 -25.4913 -0.497903 
2.75238 2.28693 | -0.00763467 -7.00616 76.4771 
2.76031 2.40936 | -0.00473489 -8.52701 81.2495 
2.67462 2.39679 | -0.00592429 -7.52202 158.118 
2.68719 2.3559 | -0.00676546 -7.15504 143.282 
2.54364 2.09918 | -0.0132338 -3.06881 204.321 
2.80157 2.16266 | -0.00961396 -6.15469 18.5318 
2.81256 2.18756 | -0.00899492 -6.54867 11.3277 
2.86212 2.22821 | -0.00754378 -7.57379 -24.3011 -0.612301 
2.82343 2.16266 | -0.00934629 -6.40127 -0.480309 -0.751935 
2.95038 2.22821 | -0.00629716 -8.68466 -69.937 -0.632404 
2.91364 2.10907 | -0.00914317 -6.91717 -67.5281 -0.892605 
3.00006 2.00006 | -0.00969805 -6.9459 -99.9939 -1 
3.07001 2.05695 | -0.00758731 -8.52837 -80.0422 -0.964279 
3.00177 2.12042 | -0.00759988 -8.20953 -87.9489 -0.885965 
3.05804 2.19 | -0.00533655 -9.76429 -71.1471 -0.728812 
3.12506 2.12506 | -0.00538524 -10.0797 -43.5463 -0.849789 
3.12506 2.18756 | -0.00418985 -10.7536 -37.2963 -0.716551 
3.18756 2.18756 | -0.00299446 -11.7573 11.3698 
3.24994 2.12494 | -0.00292116 -12.138 62.3947 
3.25006 2.00006 | -0.00507274 -10.8524 50.0219 
3.37799 2.1098 | -0.000345977 -14.3147 168.989 
3.25006 2.25006 | -0.000447436 -13.5087 75.0219 
3.31256 2.31256 | 0.00225584 
3.37506 2.25006 | 0.00233397 
3.37506 2.37506 | 0.00511537 
3.24994 2.49994 | 0.00542213 
3.23248 2.35223 | 0.00143664 
3.2276 2.28412 | -0.000187248 -13.5083 57.3294 
3.17389 2.29437 | -0.00103889 -12.7299 10.3724 
3.15485 2.31805 | -0.000882236 -12.695 -2.65921 -0.381848 
3.08759 2.36639 | -0.00101717 -12.2137 -41.234 -0.285737 
3.02277 2.39252 | -0.00150959 -11.5746 -59.2213 -0.237709 
3.06683 2.45624 | 0.000795337 
3.00006 2.50006 | 0.000802564 
3.09113 2.66974 | 0.00704237 
3.14545 2.77386 | 0.0112092 
3.50006 2.50006 | 0.0113032 
3.94611 2.50177 | 0.0249349 
3.99994 1.99994 | 0.0162968 
3.72931 1.72272 | 0.0036202 
3.72333 1.6098 | 0.00238465 
3.67804 1.54572 | 0.0005412 
3.60895 1.61896 | -0.000893408 -14.5297 128.135 
3.53192 1.76019 | -0.00162169 -14.0428 173.022 
3.48553 1.94415 | -0.000436372 -14.7744 193.792 
3.35785 1.82721 | -0.00515994 -11.1506 126.729 
3.21136 1.96808 | -0.00637197 -9.87364 10.7121 
3.21393 1.90619 | -0.00723247 -9.31738 6.87271 
3.18634 1.92731 | -0.00748157 -9.05992 -15.7168 -0.893102 
3.14386 1.90204 | -0.0086627 -8.13059 -52.6093 -0.889681 
3.07953 1.95404 | -0.00907852 -7.63862 -86.273 -0.970959 
3.01605 1.90033 | -0.010936 -6.19731 -109.208 -0.925375 
3.09357 1.81866 | -0.0106879 -6.57363 -92.9705 -0.765444 
3.18451 1.78778 | -0.00935255 -7.73389 -31.2548 -0.663912 
3.18976 1.69635 | -0.0102402 -7.02404 -35.8326 -0.468981 
3.07648 1.68793 | -0.0124371 -5.16999 -114.238 -0.480898 
3.06281 1.5672 | -0.0137073 -3.98442 -131.766 -0.251667 
3.1778 1.55682 | -0.0116659 -5.6926 -60.094 -0.222378 
3.24493 1.61285 | -0.00987664 -7.26617 6.47016 
3.30914 1.54938 | -0.00897737 -7.9032 59.3643 
3.42816 1.67633 | -0.00514728 -11.1894 152.59 
3.44537 1.45868 | -0.0063213 -9.82703 137.103 
3.33148 1.31354 | -0.00956858 -6.62487 54.7993 
3.30609 1.42963 | -0.00973834 -6.95593 44.6993 
3.36871 1.49701 | -0.00795895 -8.61215 101.463 
3.18951 1.44281 | -0.0121191 -5.03025 -61.4003 -0.0933723 
3.07184 1.32343 | -0.0147466 -2.35667 -152.651 -0.0291139 
3.19366 1.20355 | -0.0126262 -3.51603 -81.6755 -0.00431072 
3.08417 1.0788 | -0.0145356 -1.07214 -171.648 -0.000103291 
3.27191 1.03217 | -0.0107284 -3.89785 -26.2393 -2.4914e-06 
3.35248 1.08466 | -0.0090849 -5.64395 48.4764 
3.29547 1.14911 | -0.0104735 -4.95561 7.14461 
3.43085 1.15558 | -0.00733042 -7.55593 101.6 
3.55585 1.01447 | -0.00377255 -9.38299 92.3234 
3.63251 1.16986 | -0.00197014 -11.9289 67.9716 
3.51019 1.28192 | -0.00526684 -9.94638 127.888 
3.64105 1.38104 | -0.00140592 -13.4699 82.9923 
3.69696 1.45428 | 0.000555513 
3.7348 1.34833 | 0.00127619 
3.77069 1.27728 | 0.00223043 
3.93793 1.27325 | 0.00775757 
3.99994 0.999939 | 0.010298 
3.69733 0.937805 | 0.000607333 
3.64484 0.89325 | -0.000683518 -10.7828 31.4244 
3.59711 0.937927 | -0.0022941 -9.91281 66.7572 
3.59979 0.848206 | -0.00166822 -9.5718 56.3181 
3.61444 0.755188 | -0.000514992 -9.52591 38.4174 
3.6601 0.836365 | 0.000141086 
3.71747 0.759583 | 0.00246677 
3.65814 0.69635 | 0.00129842 
3.55377 0.738464 | -0.00204286 -8.12865 65.383 
3.5368 0.637878 | -0.00146974 -7.41838 59.8064 
3.50018 0.561218 | -0.00151482 -6.41623 56.1218 
3.63495 0.528992 | 0.0025933 
3.66888 0.58429 | 0.0028672 
3.99994 0.499939 | 0.0147987 
3.74994 0.249939 | 0.0105493 
3.50006 0.250061 | 0.00342543 
3.62506 0.375061 | 0.00461323 
3.62494 0.499939 | 0.00270537 
3.56244 0.437439 | 0.00187739 
3.49994 0.499939 | -0.000700732 -6.24858 49.9939 
3.37494 0.499939 | -0.00379433 -3.75302 5.98728 
3.31244 0.437439 | -0.0043098 -2.44016 -48.9469 -0.200346 
3.37494 0.374939 | -0.00188793 -3.47962 -6.51272 -0.263603 
3.31244 0.312439 | -0.00224715 -2.20582 -61.4469 -0.395174 
3.31256 0.250061 | -0.00109824 -2.12033 -67.5784 -0.50964 
3.37506 0.250061 | 0.000331525 
3.49994 0.249939 | 0.00342457 
3.37494 0.124939 | 0.00286238 
3.25006 0.125061 | 8.12196e-05 
3.31256 0.187561 | 0.000128247 
3.31244 0.249939 | -0.00109864 -2.11795 -67.6969 -0.509951 
3.24994 0.249939 | -0.00245012 -1.00581 -125.105 -0.550174 
3.18744 0.249939 | -0.00372348 0.0520812 
3.18744 0.187439 | -0.00249684 0.120421 
3.18756 0.125061 | -0.00119229 0.167141 
3.24994 0.124939 | 8.12806e-05 
3.18744 0.062439 | 0.000190808 
3.12494 0.124939 | -0.00238732 1.17287 
3.00006 0.250061 | -0.00707518 2.89838 
3.00006 0.500061 | -0.0111999 2.42956 
3.00409 0.641541 | -0.0129156 1.96971 
3.09344 0.697571 | -0.0119932 0.48056 
3.14532 0.645569 | -0.0104897 -0.151403 -177.168 -0.0404349 
3.28302 0.50824 | -0.00598535 -2.0773 -68.3199 -0.126685 
3.31793 0.607483 | -0.00649151 -2.98471 -27.1933 -0.0508682 
3.37726 0.558533 | -0.00452583 -3.9524 13.382 
3.39069 0.685364 | -0.00567416 -4.60492 34.4955 
3.48761 0.714783 | -0.00356625 -6.64522 71.0202 
3.33478 0.73175 | -0.00743022 -3.71109 -0.686993 -0.0110352 
3.2912 0.79071 | -0.00891767 -3.14079 -32.5737 -0.00435365 
3.34308 0.844666 | -0.00817109 -4.31046 17.2383 
3.3963 0.792419 | -0.00652741 -5.10911 48.4851 
3.3952 0.936951 | -0.00752296 -5.71268 62.3073 
3.3139 0.999695 | -0.00969096 -4.48697 8.55208 
3.30585 0.894226 | -0.00933604 -3.84102 -9.05681 -0.000279199 
3.24176 0.96698 | -0.0111044 -3.04574 -61.1057 -2.86031e-06 
3.10468 0.854431 | -0.0131214 -0.299489 -183.29 -0.00119312 
3.03156 0.802429 | -0.0140045 1.00064 
3.01654 0.879089 | -0.0148028 0.891931 
2.99994 0.999939 | -0.0157007 0.556708 
2.84186 0.800354 | -0.016783 3.47688 
2.82074 0.523376 | -0.0140686 4.63732 
2.70612 0.870056 | -0.0188498 4.64501 
2.01556 0.845886 | -0.0209059 8.20951 
2.42291 0.589417 | -0.018275 7.88942 
2.22162 0.257507 | -0.0136124 9.49315 
2.54095 0.111145 | -0.00948145 7.93695 
2.79584 0.34491 | -0.011638 5.30428 
2.99994 -6.10352e-05 | -0.00169951 3.0564 
2.84015 -0.0692749 | -0.00229151 5.08626 
2.97333 -0.162903 | 0.0020554 
2.90765 -0.457947 | 0.00999561 
2.86139 -0.319641 | 0.00496745 
2.66266 -0.473938 | 0.00766121 
2.5871 -0.276672 | 0.000804055 
2.49994 -6.10352e-05 | -0.0071989 8.26431 
2.24994 -0.250061 | -0.00144829 9.40986 
2.25006 -0.499939 | 0.00642299 
2.49994 -0.500061 | 0.00730171 
2.00677 -0.680603 | 0.01324 
2.35663 -0.864075 | 0.0203494 
3.00006 -0.999939 | 0.0322983 
3.50006 -0.499939 | 0.0232995 
3.99994 -0.500061 | 0.0387999 
3.74994 -0.750061 | 0.0395505 
0.892395 0.874207 | -0.00434028 -0.429959 -179.597 -1.45456 
0.941176 0.941176